1 0 123 0 209 2008 4004
2 1 131 149 202 2004 8617
1 0 137 0 208 2007 23965
1 1 131 111 205 2006 50031
1 2 112 107 204 2009 55100
2 0 152 109 208 2003 0
1 1 112 116 203 2008 25506
1 2 122 0 210 2007 17719
1 1 0 0 203 2007 50946
1 1 148 0 209 2007 9423
2 1 113 149 209 2004 24660
2 1 136 108 208 2004 24457
2 1 113 0 209 2005 53663
2 1 131 112 208 2004 9224
2 2 139 0 203 2003 23621
2 1 137 0 204 2004 50693
1 1 123 0 207 2007 23569
1 1 113 108 203 2008 23994
1 1 135 144 205 2009 50514
2 1 119 108 202 2004 5999
1 2 149 120 208 2005 23593
2 1 123 0 205 2005 23271
1 2 142 119 202 2005 23282
1 1 108 141 0 0 9224
1 2 132 0 207 2006 17636
1 2 119 116 202 2008 18292
1 0 0 0 0 2005 0
2 1 131 0 210 2005 50231
2 2 136 0 202 2005 24029
1 1 124 0 209 2006 50121
1 1 108 0 203 2006 24119
1 2 136 0 208 2006 4568
1 2 112 0 209 2007 17060
1 1 125 0 207 0 8160
1 2 136 116 206 2009 25665
1 2 120 112 202 2007 50728
1 2 142 120 209 2008 24657
1 2 112 0 206 2009 22906
1 0 0 0 0 0 0
1 0 0 0 0 0 0
5 2 141 142 203 2004 23648
1 1 123 0 209 2006 0
5 1 131 0 209 2003 24005
1 1 109 151 208 2007 0
1 2 112 120 208 2009 9223
2 2 143 149 202 2003 8357
2 1 114 148 206 2005 22246
1 2 143 0 206 2008 23394
1 2 111 0 204 2007 20337
2 1 111 0 0 2003 24639
2 0 0 0 0 0 0
1 2 122 115 203 2008 50016
1 1 122 0 203 2009 51849
1 2 118 0 207 2007 23321
1 2 124 112 204 2008 50338
5 2 142 0 0 2010 17060
1 1 135 0 204 0 0
2 2 112 0 204 2004 21843
1 1 131 0 208 2007 23735
4 1 0 0 0 0 0
1 1 131 149 202 2009 23994
2 1 108 112 208 2004 1465
1 1 143 0 205 2007 50598
1 1 132 0 202 2006 12082
1 2 148 0 207 2008 23533
2 1 127 0 210 2004 23341
2 2 143 0 209 2004 24029
1 1 124 149 206 2009 50438
1 2 143 112 203 2009 23662
1 1 111 151 206 2008 24005
1 0 0 0 0 0 0
2 2 142 115 203 2004 2813
1 1 136 117 205 2006 124
1 2 113 149 203 2008 719
1 2 139 0 206 2009 24005
2 2 131 0 0 2005 52555
2 1 120 123 205 2005 4806
2 2 132 107 206 2005 23829
1 1 120 0 207 2008 0
2 2 138 140 203 2001 23954
5 1 125 0 205 2005 0
2 0 0 0 0 0 0
2 1 120 151 207 2004 26481
1 2 120 113 204 2007 0
1 1 143 118 206 2008 51145
2 1 131 111 208 2003 50550
4 1 149 123 210 2006 52555
4 1 0 0 0 0 0
1 1 131 148 207 2008 54923
1 2 0 0 203 2009 9677
1 2 0 0 208 2009 50901
1 0 125 0 0 0 0
1 1 108 0 206 2007 50550
1 1 131 0 205 2008 24026
1 1 143 0 209 2008 23105
1 2 121 151 202 2008 0
1 1 137 0 202 2005 0
1 1 125 118 203 2009 50676
2 2 141 0 210 2005 23645
1 1 127 145 0 2006 0
2 2 139 0 202 2005 24547
1 2 123 0 206 2007 23332
1 1 108 151 210 0 0
1 1 139 0 202 0 50127
1 2 122 0 208 2009 51062
1 1 131 116 204 2007 53663
1 1 119 111 206 2007 23977
1 2 120 0 204 2009 9224
1 2 113 149 207 2007 23854
2 2 0 0 0 2003 19150
1 2 131 0 205 2009 51887
1 0 123 0 209 2008 24005
2 1 131 0 203 2005 51530
1 2 0 0 0 2008 1611
2 2 131 0 0 2005 52104
2 2 131 109 204 2005 50124
2 1 143 109 0 0 0
2 1 108 122 210 2005 0
2 2 141 118 205 2003 17430
1 2 120 149 209 2007 23342
1 2 125 0 210 2008 51156
1 2 120 108 205 2006 24321
2 2 143 0 203 2005 2788
1 2 131 0 205 2005 24162
2 2 131 151 210 0 0
1 2 141 0 209 2006 7867
1 2 135 0 208 2006 0
2 1 131 0 210 2005 23371
2 2 142 0 205 2005 24065
1 2 145 119 202 2008 5979
1 1 120 149 203 2006 50892
1 1 125 0 208 2009 24038
1 2 139 0 204 2009 50302
1 1 127 0 202 2009 11236
1 2 149 0 203 2009 23608
1 2 128 0 0 0 0
1 1 108 0 205 2008 23994
1 2 143 0 207 2007 0
1 2 133 131 208 2008 24661
1 2 112 152 204 2008 50029
1 1 121 151 205 2007 23620
1 1 127 0 205 2007 9369
1 2 142 120 209 2009 16530
2 1 108 118 209 2005 3683
1 2 108 131 202 0 23712
1 2 127 0 202 0 24939
1 2 142 149 208 2008 50029
1 1 131 111 202 2008 20239
2 2 143 0 204 2005 2257
1 1 139 0 205 2009 23645
1 1 108 112 209 2009 50140
2 2 110 0 206 2004 9023
1 1 114 110 202 2007 2335
1 2 108 120 204 2006 1518
1 2 142 0 205 2006 23535
1 1 0 0 205 2009 50029
2 1 131 0 210 2005 9262
1 2 127 0 206 2009 1596
1 2 122 0 207 2009 24264
1 2 122 0 208 2007 24457
1 2 123 108 202 2007 1949
4 0 0 0 0 0 0
1 2 148 0 210 2008 8581
1 1 120 112 207 2008 23968
1 2 112 0 208 2010 0
1 1 140 0 204 2007 8429
1 2 152 127 202 0 54563
1 2 124 0 202 2007 23334
2 1 119 0 203 2004 23487
2 2 131 115 205 2004 7119
1 2 141 142 0 0 0
2 2 142 0 209 2005 24639
1 2 108 0 202 2006 51387
1 2 141 0 203 2008 50494
2 2 143 0 202 2003 20327
2 0 0 0 0 2004 0
1 1 131 123 208 2008 5999
1 1 122 114 208 2008 24634
1 2 111 0 203 2007 0
1 2 123 0 208 2009 50152
1 0 148 123 205 2008 24420
1 2 142 120 207 2007 0
1 1 113 123 207 2006 16208
1 1 111 146 206 2009 0
2 2 120 113 207 2004 24119
2 1 112 0 204 2005 23765
2 2 122 151 206 2005 53541
1 0 0 0 0 0 0
2 2 112 0 210 2005 24027
2 1 148 135 209 2005 16444
1 2 131 0 207 2009 9428
1 1 148 108 207 2009 50764
1 2 136 135 208 2007 54563
1 0 0 0 0 0 0
1 2 122 113 206 2007 24512
2 2 127 0 0 2005 2665
2 2 120 0 206 2004 50754
1 2 127 0 205 2007 50094
1 1 124 0 203 2006 0
1 1 108 0 202 2009 50231
1 2 152 136 205 2009 50108
1 2 120 149 202 2008 24556
2 2 131 0 205 2003 51145
1 0 0 0 202 0 0
1 2 142 141 203 2007 9262
1 1 143 0 204 2007 9321
2 2 138 140 207 2005 24094
2 2 115 135 203 2005 24654
1 1 107 131 207 2009 23562
1 2 0 0 0 2007 23256
1 2 131 0 206 2008 54923
1 2 152 117 0 0 0
2 1 142 0 209 2005 21703
1 1 0 0 204 2007 20480
2 1 131 0 208 2005 10937
1 1 0 0 203 2008 3716
1 2 141 142 206 2007 50914
1 2 127 108 0 2006 9078
1 2 141 0 206 2007 24013
1 2 136 0 208 2009 5646
1 2 143 0 205 2006 50112
2 1 131 122 205 2005 23321
1 1 131 123 203 2007 24411
2 1 131 108 208 2005 8113
1 2 119 150 209 2009 23828
1 2 131 116 210 2007 24567
1 1 122 120 207 2009 23740
2 2 143 0 210 2004 23621
1 2 120 149 209 2009 23728
1 2 115 120 208 2006 24029
1 2 112 123 204 2006 50138
1 1 132 0 202 2009 50722
1 2 143 0 204 2008 24548
1 2 136 112 204 2006 23342
1 1 139 0 205 2006 50822
1 1 131 0 204 2008 24026
1 1 142 0 202 2006 0
2 2 143 121 207 2004 0
1 1 131 111 203 2005 23955
1 1 0 0 202 2007 1384
1 1 147 0 206 2007 24410
1 1 124 109 204 2009 56741
1 1 125 109 210 2009 53846
1 2 146 0 206 2007 24194
1 1 122 112 208 2009 16530
1 1 131 132 205 2008 2223
1 2 0 0 206 2009 24694
1 2 113 149 202 2006 0
1 2 123 0 0 2006 0
1 2 131 0 203 2007 24094
2 1 151 139 208 2003 7871
1 2 142 0 206 2009 55005
1 2 116 108 0 2006 26857
1 1 0 0 0 2007 0
1 2 136 135 208 2009 50693
1 2 120 146 203 2006 23828
2 1 123 0 209 2005 50029
1 1 125 106 202 2006 2422
1 1 123 148 205 2007 24514
1 1 131 0 204 2008 23620
1 1 137 0 208 2006 50486
1 2 123 0 204 2007 4702
1 2 112 0 208 2006 0
1 2 0 0 0 2008 0
2 0 0 0 0 0 0
3 2 132 0 203 2008 23566
1 1 125 118 204 2008 54923
1 2 112 151 203 2007 4677
2 1 132 151 209 2005 9260
1 1 121 118 209 2007 0
2 2 137 0 203 2004 0
1 2 116 0 210 2004 0
2 2 142 0 209 2004 52427
1 2 0 0 0 0 50468
1 2 143 0 206 2009 51100
1 1 124 0 209 2007 11880
1 2 131 135 206 2007 55668
1 2 136 131 206 2006 9021
1 0 0 0 0 0 0
1 1 132 131 202 2009 23987
2 2 141 142 203 2001 0
1 1 108 114 208 2008 1607
1 1 126 110 205 2007 55101
1 1 121 0 207 2007 23965
2 2 137 0 204 2005 50564
2 1 127 0 210 2003 0
1 1 108 107 205 2008 5477
1 1 121 149 208 2006 0
1 1 112 151 206 2006 25119
1 2 142 0 209 2009 20153
2 2 123 0 0 2005 15939
1 2 137 0 204 2009 0
5 2 125 0 0 2007 748
1 2 131 115 203 0 0
1 1 137 0 202 2008 23341
1 2 135 0 203 2006 51990
1 2 142 0 203 0 9388
3 0 112 122 0 0 0
2 1 108 0 205 2003 24264
1 2 136 0 210 2009 23732
1 1 131 0 204 2007 50112
1 1 0 0 206 2009 4494
1 2 120 0 209 2008 24657
1 1 108 117 204 2006 50338
1 2 143 0 0 2007 24586
1 1 122 151 203 2006 23971
1 1 112 122 210 2008 2849
1 2 120 0 205 2008 24694
2 2 140 0 210 2005 20747
2 1 110 0 202 2005 50016
2 2 138 137 206 2005 23548
1 1 0 0 205 2009 23618
5 0 0 0 0 0 0
1 1 131 146 206 2009 50042
1 0 142 122 210 2009 23956
1 2 142 0 206 2009 52759
1 2 135 136 207 2008 23330
1 1 131 0 206 2007 50347
2 1 125 106 204 2001 6399
1 2 135 116 205 2006 17914
1 1 112 106 206 2008 23994
1 1 137 131 210 2008 15817
1 1 112 114 210 2009 19540
1 2 132 0 206 2008 24005
1 1 112 150 202 2008 24093
1 2 120 149 209 0 786
2 1 112 0 206 2004 0
5 0 0 0 0 0 0
5 2 116 115 210 2005 24029
5 2 0 0 0 0 0
1 2 142 0 210 2006 23994
1 2 138 120 210 2007 20327
1 1 148 0 209 2008 23485
1 1 123 131 208 2006 23848
1 2 115 0 202 2009 50029
1 2 143 0 202 2007 50112
1 2 143 0 205 2008 16261
1 2 122 0 204 2006 50060
1 1 137 0 206 2009 24280
1 2 143 0 205 2007 50764
1 2 125 0 204 2009 21408
1 2 142 0 202 2009 51192
1 1 0 0 208 2009 15656
1 1 123 0 208 2007 3208
1 1 137 138 205 2005 23965
2 0 0 0 0 0 0
2 1 124 0 205 2005 50154
1 1 124 0 205 2007 52197
2 1 123 118 209 2004 8947
1 1 122 121 210 2008 24122
1 2 120 149 203 2005 23497
1 2 134 120 207 2006 51936
1 1 137 0 205 2006 23989
1 1 123 0 205 2007 0
5 2 136 0 0 2010 0
1 2 131 0 206 2007 8357
1 2 142 149 203 2008 50302
1 2 123 0 206 2006 50011
1 1 118 108 203 2007 20731
2 2 142 0 208 2003 24555
1 1 131 111 204 2009 50072
1 2 120 112 209 2008 51579
2 2 123 0 210 2004 52555
1 2 131 125 0 0 51927
2 2 142 0 208 2004 21106
1 2 142 0 210 2006 24210
2 2 122 123 208 2004 17340
2 2 141 0 0 2005 1720
2 1 113 0 207 2004 50259
3 0 114 0 0 0 0
1 1 133 108 209 2006 23604
1 1 133 0 207 2006 1679
1 0 0 0 0 0 0
1 1 122 0 208 2007 0
1 0 0 0 0 0 0
1 1 0 0 205 2006 3569
1 1 148 151 207 2008 24119
1 2 131 0 203 2007 50136
1 2 122 151 206 2009 16124
2 2 142 0 209 0 0
1 2 131 0 204 2007 24411
1 1 0 0 0 2009 0
1 2 131 0 203 2006 4786
1 2 142 0 204 2007 17700
2 1 120 149 209 2004 3032
2 1 123 0 205 0 50498
1 1 123 135 210 2008 24110
1 1 119 0 206 0 0
1 1 131 113 210 2007 6739
2 1 137 0 207 2005 20239
2 1 119 0 203 2004 53084
1 1 108 0 203 0 0
1 2 120 149 205 2007 23321
1 2 137 122 210 2008 24197
1 2 120 149 207 2007 23310
2 2 137 0 209 2005 23727
1 1 108 0 210 0 23987
1 1 124 117 207 2008 24013
1 1 131 118 206 2008 23003
1 0 124 151 203 2008 6278
1 1 149 124 203 2009 50096
2 2 142 0 207 2005 24535
5 1 0 0 0 2008 0
1 2 131 0 209 2007 8737
1 2 112 122 210 2007 16612
1 1 132 0 209 2009 50830
2 2 141 115 205 2004 20681
1 2 122 0 0 2007 5053
1 1 143 0 206 2007 50909
1 1 108 0 202 2007 24020
2 0 0 0 0 0 0
1 2 141 0 202 2006 50445
2 0 0 0 0 0 0
1 2 115 113 202 2006 50057
1 2 0 0 207 2006 50003
2 2 113 0 208 2004 4988
1 2 123 0 205 2008 52197
1 1 131 0 205 2007 24658
1 1 108 0 206 2008 24713
1 2 140 121 204 2007 51323
1 2 125 0 210 2009 9717
1 1 122 151 204 2006 50775
1 2 143 0 202 2006 50664
2 1 137 0 209 2004 5000
1 2 131 0 204 2007 24094
5 2 132 0 0 2008 24195
2 1 0 0 0 2005 2763
2 1 108 0 202 2005 0
1 2 113 0 0 2008 52555
1 1 131 136 206 2009 26352
1 2 0 0 0 2006 52555
2 0 0 0 0 0 0
1 0 0 0 0 0 0
1 1 123 118 207 2008 23935
1 1 137 0 204 2008 24122
2 1 108 0 209 2004 24110
1 1 127 0 209 0 22205
1 2 112 108 204 2006 0
1 2 127 0 207 2007 50854
1 2 143 0 209 2006 8723
5 2 131 0 0 0 23487
1 1 112 122 206 2008 24560
1 2 142 0 207 2007 51977
1 2 131 108 207 2008 23330
1 1 116 0 205 2005 0
2 1 0 0 0 2003 23971
1 2 127 0 209 2007 18134
2 2 143 0 205 2004 24660
2 2 149 123 0 2005 24048
2 2 112 0 203 2005 23990
1 1 132 131 205 2008 50951
1 1 139 0 202 2009 23342
2 2 132 0 206 2000 16406
1 2 143 0 207 2008 20326
1 2 148 123 204 2007 24726
1 2 139 0 203 2008 24094
1 2 125 0 203 2009 0
2 1 122 0 210 2004 0
2 1 123 149 0 2005 24411
1 1 108 116 206 2008 24030
1 1 131 119 203 2007 50458
1 2 0 0 209 2009 24694
1 1 122 0 210 2009 24130
1 1 108 151 210 2009 58523
1 1 108 0 207 2008 18696
1 1 0 0 205 2007 255
1 2 132 109 205 2008 8648
1 1 127 131 202 2009 18559
1 1 122 151 203 2007 4899
1 2 132 131 208 2005 0
2 2 133 112 205 2004 0
1 1 125 0 206 2007 19623
2 2 115 151 208 2005 0
2 0 142 0 205 2005 24162
2 2 122 108 206 2005 6265
1 1 131 111 203 2009 8627
2 1 118 119 0 2005 50096
1 2 112 0 0 2005 24512
1 2 121 151 208 2006 50025
2 1 142 108 202 2000 23491
2 2 115 148 208 2004 0
1 2 143 0 202 2007 8648
1 2 113 0 207 2007 24633
1 1 131 0 207 0 52555
1 0 112 109 203 2006 23606
1 1 121 122 206 2008 23526
1 0 0 0 0 0 0
1 1 0 0 210 2008 23146
2 2 142 0 205 2001 0
2 2 132 0 203 2005 23526
1 2 120 113 207 2007 23865
1 2 125 118 208 2008 24512
2 1 138 0 207 2004 2661
1 2 120 122 209 2006 16649
2 2 108 115 210 2004 0
1 2 142 0 204 2007 22237
1 1 131 0 209 2009 23692
1 2 123 0 209 2007 51624
1 2 108 109 207 2006 50036
1 2 141 0 206 2005 51162
1 2 142 0 208 2008 24360
1 2 131 0 205 2009 50096
1 1 124 146 208 2007 52555
1 1 131 0 203 2008 1287
1 1 108 0 209 2008 55723
1 1 148 132 203 2008 23342
1 1 108 131 209 2007 24026
1 2 143 142 206 2009 51325
1 2 137 138 208 2007 23968
1 2 108 0 203 2006 499
1 0 125 0 0 0 0
1 2 108 150 0 2006 8647
1 2 138 135 209 2009 2893
2 2 122 115 206 2004 23990
1 1 0 0 208 2008 860
1 1 127 0 204 2006 0
1 2 131 137 208 2009 51008
2 2 112 0 207 2002 0
1 1 114 135 209 2006 51069
1 1 131 0 206 2006 16540
1 1 137 131 207 2009 23968
2 2 138 137 0 2005 50756
1 1 125 0 205 2009 9203
2 2 112 120 202 2005 23168
2 2 113 120 208 2004 52555
1 2 119 116 0 0 3334
1 2 121 149 203 2007 24245
1 2 143 120 210 2007 50269
1 1 138 0 202 2006 23566
1 2 120 149 202 2007 11631
1 1 0 0 205 2008 23383
1 2 139 0 205 2008 23712
1 2 112 146 205 0 0
1 1 0 0 207 2007 50029
1 2 108 0 203 2008 0
1 1 131 133 209 2009 10427
1 2 128 146 205 0 0
1 1 131 0 202 2007 9530
5 2 137 0 0 2009 52178
1 1 131 0 204 2008 52555
1 1 0 0 202 2007 24703
1 1 111 0 204 2008 50231
1 1 122 112 210 2008 0
1 1 127 0 0 2008 24122
1 1 0 0 203 2007 20239
1 1 116 0 210 2008 50302
2 2 142 120 205 2000 23533
2 1 129 0 204 2005 20900
1 2 143 0 206 2006 20239
2 2 131 0 205 0 0
1 2 137 0 204 2009 23548
1 1 113 0 207 2006 52555
2 2 137 0 207 2005 23494
2 1 119 111 0 2005 11262
1 2 132 112 203 2009 57092
1 1 136 111 205 2008 25829
1 1 114 111 203 2008 55789
1 2 123 0 209 2006 24114
1 2 136 123 207 2009 57659
1 2 122 0 207 2007 50138
2 2 116 0 208 2005 19921
1 2 136 0 209 2009 0
1 1 108 131 210 2009 50071
1 0 0 0 0 0 0
2 1 143 0 202 2005 9321
1 2 144 135 207 2007 4279
1 1 125 106 207 2006 50854
2 1 108 0 205 2004 0
2 2 143 0 202 2004 23323
2 2 131 149 0 2005 23965
1 2 131 152 205 2008 50096
1 2 114 117 204 2007 58523
1 1 123 149 203 2006 16551
2 2 137 0 208 2005 24029
1 2 141 149 204 2009 24005
1 2 123 114 207 2006 23341
1 1 123 0 208 2007 24005
2 2 112 146 208 2004 25640
1 1 123 148 202 2009 50259
2 1 133 109 208 2003 50012
1 1 122 0 210 2008 20652
1 1 137 131 202 2009 50637
3 2 112 151 0 0 0
1 2 143 0 202 2008 4702
4 2 0 0 0 0 24633
1 1 138 0 204 2006 0
2 2 133 0 208 2004 1624
1 1 108 0 207 2008 52555
1 2 143 0 204 2007 15943
1 2 143 0 209 2006 24038
1 1 0 0 205 2008 17764
2 2 123 0 210 2005 23621
1 1 131 110 207 2006 2661
1 1 0 0 202 2009 50012
1 1 122 112 207 2009 20423
1 1 120 149 210 2006 24092
5 2 132 0 0 2008 1883
1 2 125 0 209 2009 1764
1 1 122 0 206 2007 50514
2 1 108 0 205 2004 23955
1 2 142 0 205 2006 9159
1 2 121 0 202 2008 50735
1 1 136 0 210 2009 23341
1 1 124 0 210 2006 10664
1 1 127 110 208 2009 50278
5 1 123 0 209 2002 0
4 1 0 0 0 0 23918
1 1 139 0 203 2007 24694
1 0 0 0 0 0 0
1 1 113 123 207 2009 0
1 2 121 0 207 2006 50550
1 1 111 123 206 2008 23341
1 2 125 118 204 2006 24934
1 2 142 135 210 2007 9802
2 2 112 0 204 2005 23803
1 2 149 142 203 2006 23858
1 1 108 0 210 2006 608
1 1 142 120 205 2009 0
2 1 112 113 0 2004 19903
1 2 132 131 202 2009 50822
2 1 124 111 202 2002 50894
1 1 118 132 209 2005 50159
1 1 120 149 206 2007 23494
1 2 120 0 209 2008 50124
1 2 127 0 207 2008 23535
1 2 142 0 202 2006 50057
1 2 122 124 203 2009 24025
2 2 141 0 208 2004 0
1 1 121 149 206 2009 50951
2 1 122 0 204 2004 16805
1 1 134 118 204 2009 51918
1 2 108 0 204 2009 23383
2 2 139 118 210 2005 15673
1 1 133 0 205 2006 1800
2 2 127 0 209 0 0
1 2 108 127 210 2006 9477
1 1 127 0 210 2009 2702
1 1 106 122 208 2008 9078
2 1 122 111 203 2005 50094
1 1 141 109 0 2004 0
1 2 143 121 202 0 12304
1 0 143 0 207 2008 50029
1 2 131 146 208 0 50138
1 1 131 0 207 2007 0
1 1 114 0 209 2008 23271
1 2 0 0 210 2008 0
1 2 127 122 210 2007 22827
1 2 142 0 203 2008 50011
1 1 131 119 202 2007 24067
1 2 131 115 203 0 16420
1 1 131 0 206 2008 51293
2 1 125 106 204 2004 20747
1 1 114 119 210 0 24376
1 2 120 0 0 2008 52591
1 1 131 0 206 2007 9262
2 1 134 0 0 2005 4416
1 1 0 0 208 2009 15857
1 2 137 0 0 2008 0
1 2 131 0 203 2008 50029
2 2 142 0 207 2004 0
1 2 141 120 205 2009 52502
2 1 108 151 206 2004 50520
1 2 108 0 203 2007 23566
2 1 124 0 210 2005 50365
1 2 136 135 203 2007 6295
1 1 143 125 204 2008 6425
1 2 122 151 207 2008 719
1 0 0 0 0 0 0
2 2 142 111 208 2005 24420
2 1 133 118 207 2004 24005
1 0 131 0 207 2006 9381
2 2 131 123 208 2005 5346
5 2 111 127 0 0 23105
1 2 131 149 207 2007 23548
1 2 131 127 203 2007 17584
2 2 141 0 204 2001 11649
1 2 136 0 206 2005 0
1 1 108 0 208 2006 0
2 2 142 0 209 2004 52679
1 2 142 0 206 2006 0
1 2 137 0 204 2007 0
1 2 131 115 204 2008 24411
1 1 136 0 206 2007 23556
2 2 137 114 202 2004 24659
1 1 133 0 210 2008 50764
1 2 116 112 206 2006 50583
1 1 131 122 202 2008 53805
1 2 138 0 203 2008 6202
1 2 124 111 204 2006 25723
1 2 138 0 203 2006 23450
1 2 139 121 207 2008 24210
2 2 142 0 202 2004 23621
2 2 141 0 203 2003 24634
5 1 125 0 0 2007 52407
1 2 137 0 205 2006 9262
1 2 131 112 205 2007 50011
1 0 0 0 0 0 0
1 1 113 0 204 2006 51579
1 1 131 0 207 2007 0
1 1 125 0 202 2007 0
1 1 142 0 205 2007 0
1 2 119 108 210 2007 23322
1 2 149 113 203 2007 53202
1 1 125 0 204 2006 24094
1 2 120 122 206 2008 23829
1 1 127 109 0 2008 20572
5 2 114 0 0 0 24194
2 2 113 108 208 2004 8631
2 2 138 116 210 1980 24560
1 1 144 112 203 2007 18697
1 2 120 149 205 2008 24037
1 1 138 0 207 2007 5033
1 0 0 0 0 0 0
1 2 125 139 204 2009 4687
2 2 138 143 210 2005 50011
1 2 120 149 210 2009 50096
1 2 143 120 203 2009 50070
5 2 135 0 0 2005 23055
1 1 123 0 203 0 24002
2 2 109 0 206 2004 23342
2 1 123 0 206 2001 24411
1 2 131 137 205 2009 8357
1 2 108 120 207 2005 3858
1 2 137 146 209 0 24786
1 2 114 0 202 2006 52081
2 1 143 0 203 2005 8644
1 0 0 0 0 0 0
2 2 138 0 202 2002 23363
1 2 126 145 204 2005 24481
1 1 120 149 207 2006 0
1 2 123 127 207 2007 1795
1 2 131 0 205 2007 0
1 0 0 0 0 0 0
2 2 136 0 207 2004 52555
2 2 125 0 208 1973 24278
1 2 120 149 209 2005 24489
1 1 137 0 207 2009 52104
2 1 122 0 202 0 23829
2 1 149 120 204 2005 24122
1 1 137 0 204 2009 6801
1 1 137 0 202 2008 50830
1 2 143 0 206 2008 24029
2 2 0 0 206 2003 24379
2 2 136 0 203 2005 51467
2 1 112 0 210 2003 53202
2 1 109 151 204 2004 50775
1 2 131 112 206 2008 5105
2 1 108 112 208 2005 24021
2 1 108 0 0 2005 5997
1 1 125 0 210 2008 23330
1 1 0 0 203 2009 4151
1 1 123 0 208 2006 52555
2 1 138 139 208 2005 50330
2 2 142 120 206 0 0
2 1 113 149 207 0 23335
1 2 112 0 208 2006 50108
1 1 132 0 208 2007 24657
1 1 112 108 205 2006 1762
1 1 143 0 205 2006 50172
1 2 136 132 203 2007 50533
2 0 120 149 206 2004 18230
1 1 122 120 209 2006 22430
2 1 113 115 203 2004 24301
2 1 114 148 205 2003 16530
1 0 137 0 209 0 0
1 1 134 0 210 2006 3299
2 1 112 0 0 2004 50096
1 2 136 115 207 2009 24005
3 0 0 0 0 0 0
1 2 113 149 202 2009 50671
1 2 131 122 204 2006 50066
1 1 137 0 205 2006 9886
1 2 120 122 202 2007 24638
1 2 135 0 206 2007 23968
1 1 112 122 207 2007 23965
1 2 122 112 207 2008 0
1 2 122 123 205 2009 11530
1 2 108 148 205 2007 24682
1 2 113 0 203 2009 24027
1 2 134 133 208 2006 8426
1 2 121 0 210 2008 50152
1 1 131 0 205 0 1803
2 2 120 116 202 2004 23803
1 2 121 149 206 2007 23502
1 1 114 0 204 2009 24657
1 2 122 149 205 2007 24601
1 1 108 0 204 2008 51904
1 1 143 149 203 2006 181
2 1 112 0 205 2004 0
2 1 123 111 202 2005 8644
1 0 0 0 0 0 55102
1 2 143 117 210 2009 23341
5 2 142 0 0 2010 24454
1 1 131 0 210 2007 12327
1 2 139 0 203 2005 20359
2 1 131 0 204 2005 8737
1 1 123 112 209 2006 5123
1 2 141 0 205 2009 50259
2 2 141 106 206 2005 50136
2 1 120 149 202 2003 23305
1 0 0 0 0 0 0
1 1 112 0 204 2008 20695
1 2 0 0 210 2007 0
1 2 119 0 204 2007 0
2 2 118 112 203 2004 24633
1 1 139 111 203 2007 24694
1 2 0 0 208 2008 24206
1 2 0 0 202 2007 0
1 1 131 109 203 2008 52104
1 1 106 108 205 2007 15651
1 1 124 122 206 2009 50020
2 1 127 0 0 2005 21798
1 0 0 0 0 0 0
1 1 113 0 203 2007 51818
1 2 123 149 204 2009 24030
1 2 149 113 204 2009 0
1 2 0 0 209 2008 23330
1 2 135 141 209 2006 51995
2 1 113 0 202 2003 0
1 1 123 118 203 2009 17053
1 2 143 0 204 2008 16621
1 2 141 142 203 2007 23623
1 1 131 0 209 2008 24026
1 1 108 0 210 2009 24782
1 2 135 121 210 2006 24410
1 2 136 135 207 2007 0
1 1 124 151 205 2005 4281
5 1 109 0 0 0 50872
1 1 131 123 203 2006 0
1 1 114 111 205 2007 23804
2 2 142 135 203 2004 12252
1 2 131 0 205 2009 18238
1 0 0 0 0 0 0
2 1 142 0 209 2004 23679
1 2 106 0 209 2007 24045
5 2 127 0 0 2007 0
2 2 142 120 210 2002 50082
2 2 142 149 207 2005 50317
2 2 112 120 208 2005 23455
1 1 148 114 203 2007 15912
5 0 140 0 0 0 0
2 0 0 0 203 2005 0
5 1 134 0 0 0 10279
2 1 108 111 209 2004 52806
1 2 142 120 207 2007 50365
1 2 139 152 208 2007 23341
2 1 131 144 205 2005 5221
1 1 127 0 205 2006 10289
2 2 122 0 204 2005 17956
1 2 137 0 207 2006 24210
1 1 137 146 202 2009 24094
1 2 123 151 207 2007 50096
1 2 127 0 205 2008 24658
1 2 143 121 204 2006 4384
1 2 136 130 208 2009 22860
1 1 0 0 202 2009 50688
1 0 141 0 202 2007 24491
1 1 143 0 204 2007 23551
1 2 137 127 210 2009 50156
1 2 0 0 204 2009 9078
1 2 120 149 206 2008 54325
1 2 152 121 208 2009 24798
2 2 151 136 208 2005 23003
1 2 120 113 203 0 24512
1 2 120 127 205 2006 24029
2 2 141 0 205 2003 24195
5 1 136 0 209 2004 50265
1 1 115 109 207 2007 7287
1 2 142 0 207 2007 632
1 0 0 0 0 0 0
1 2 131 0 206 2006 55668
1 1 131 133 0 2007 24657
1 2 142 0 206 2009 970
2 2 0 0 208 2004 50100
5 2 0 0 0 0 0
5 1 114 0 0 2010 0
2 2 136 151 205 2005 719
1 1 122 109 206 2006 24752
2 1 137 0 206 2005 1912
1 2 143 0 205 2008 4262
1 1 108 116 204 2007 5306
1 2 120 149 0 0 24194
2 1 119 151 203 2004 17305
1 1 0 0 205 2009 833
1 2 122 151 208 2007 23341
3 2 122 112 0 0 0
1 2 142 0 203 2006 8581
1 2 122 120 207 2007 50666
1 1 0 0 210 2007 24296
1 2 138 0 205 2008 15299
1 1 113 0 202 2006 23562
2 1 122 151 209 2004 16540
1 1 148 0 208 2007 51778
1 1 0 0 0 0 0
2 1 141 0 208 2004 2753
2 2 135 0 0 0 4976
2 1 124 0 0 2005 24119
1 1 108 124 202 2007 24226
1 2 143 120 204 2009 0
1 1 131 146 208 2007 17836
1 1 139 0 205 2005 52555
2 1 124 0 203 2004 52104
2 1 137 0 207 2004 24454
1 1 0 0 205 2008 52988
2 1 133 0 210 2003 0
1 2 125 106 206 2005 50434
2 1 143 0 206 2003 5483
2 1 124 0 0 2004 0
2 1 122 0 202 2005 51918
1 1 137 0 208 2009 0
1 1 138 0 210 2007 23620
1 2 0 0 207 2008 22843
1 2 0 0 210 2007 24461
1 1 108 0 207 2007 50564
2 0 123 145 206 2004 24314
2 2 143 0 202 2005 24504
1 1 112 106 207 2005 5375
1 1 138 0 204 2006 24694
2 2 108 122 210 2003 24311
1 1 139 118 209 2007 52941
1 1 131 0 210 0 0
1 2 142 131 203 2005 6022
1 1 121 0 209 2006 52555
1 1 146 123 205 2008 3716
1 2 131 0 206 2006 24606
2 1 119 151 209 2005 23168
1 2 120 149 202 2008 50924
2 1 123 0 0 2005 23376
1 1 121 144 205 2007 51145
2 2 131 0 204 2005 0
1 1 121 149 202 2006 6668
1 2 141 121 209 2006 4281
2 1 133 118 202 2003 16385
1 2 143 0 208 2008 52728
2 1 0 0 0 2005 23271
1 1 132 124 0 2006 50664
1 1 132 135 209 2009 11872
1 1 123 106 205 2006 0
1 1 112 0 207 2007 9580
1 1 131 0 210 2007 50540
2 2 114 110 202 2005 23389
1 1 106 0 206 2005 24694
5 2 131 0 0 2006 50029
1 2 143 0 203 2010 5242
2 0 0 0 0 0 0
1 1 143 0 206 2006 52761
1 2 122 0 209 2007 50586
1 1 0 0 206 2007 50003
2 2 133 0 205 2005 2198
1 1 125 0 202 2008 24026
2 2 141 114 209 1997 23432
2 0 0 0 0 0 0
2 2 143 130 209 2003 0
1 2 113 149 205 2007 1081
1 1 131 0 205 0 25028
1 2 132 0 210 2006 16043
1 1 112 146 203 2007 50088
5 2 137 0 207 2004 24093
1 2 120 122 204 2007 50868
2 2 121 0 210 2005 23621
2 1 139 0 209 2001 2584
1 1 113 0 206 2007 3945
1 2 135 115 206 2008 51624
1 1 144 0 0 2006 4276
2 1 112 0 207 2005 24311
2 2 142 135 208 2003 8138
1 2 0 0 210 2009 24703
1 0 131 0 206 2008 23989
1 2 136 0 203 2009 4890
1 2 112 0 203 2007 16387
2 1 112 0 209 2004 24545
1 1 113 123 202 2008 50660
1 2 143 0 203 2009 1774
1 1 131 0 204 2006 23712
1 1 138 0 203 2007 4432
1 2 0 0 203 2009 50071
1 2 143 149 205 2009 2793
2 1 122 151 207 2003 24512
1 2 137 0 210 2006 24094
1 2 0 0 203 0 50240
1 1 122 0 207 2007 50432
2 0 0 0 0 0 0
1 0 0 0 0 0 0
2 2 124 108 203 2004 24660
1 2 108 0 0 2005 53805
1 1 131 148 207 2008 24657
1 2 138 120 208 2008 23826
1 1 139 0 203 2007 24013
1 2 135 120 205 2008 24093
1 2 108 0 0 2006 8549
1 2 143 0 203 2007 16530
1 2 121 137 205 2007 295
1 1 124 151 206 2008 23620
1 2 142 141 208 2009 50434
1 2 127 0 0 0 20747
1 0 106 123 0 0 50096
1 1 112 111 203 2006 23321
2 0 119 0 204 2005 0
1 1 127 0 207 2008 9224
1 2 151 112 205 2009 18296
1 2 143 0 209 2008 23003
2 0 0 0 0 0 0
1 2 122 0 209 2009 52123
1 2 122 135 203 2008 1420
1 1 139 146 208 2006 8043
2 0 0 0 204 0 25870
1 1 136 140 209 2005 51398
2 2 131 112 208 2005 23562
1 1 115 0 203 2007 23965
2 1 131 0 206 0 23675
1 1 138 0 209 2006 257
1 2 143 0 209 2009 54923
1 1 131 0 204 2007 10937
2 2 122 120 208 2003 11530
1 2 142 0 205 2007 16530
2 1 112 0 202 2003 50029
5 2 108 117 0 2004 11480
3 1 152 152 210 2010 6295
2 1 139 134 208 2004 53896
2 1 112 0 205 2005 23662
1 2 120 149 207 2009 50514
2 1 140 121 208 2004 52555
1 2 0 0 206 2007 51295
2 2 108 112 210 2003 55005
1 2 143 0 207 2007 50236
1 1 125 106 203 2007 8429
2 1 122 0 207 2004 23620
4 1 0 0 0 0 0
1 2 122 145 206 2006 4700
1 2 135 141 209 2007 51090
1 1 119 108 210 2006 0
1 1 116 151 207 2007 23971
1 1 0 0 209 2007 24679
1 0 0 0 207 2006 0
2 2 137 0 206 2005 51576
1 2 0 0 0 0 0
1 1 113 122 202 2009 52068
1 1 137 109 206 2009 23533
1 1 148 0 206 2009 16049
1 2 131 0 208 2009 50138
1 1 0 0 206 2009 19776
4 0 0 0 0 0 0
2 2 115 0 208 2004 0
1 0 122 0 0 2005 9077
1 2 138 0 207 2006 20738
3 2 134 0 0 0 0
1 1 137 0 203 2009 50564
1 1 137 0 209 2006 50586
1 0 0 0 0 0 0
1 0 0 0 0 0 0
2 2 137 0 210 2004 0
1 2 137 0 207 2006 50929
1 2 0 0 207 2009 24233
1 1 124 111 210 2007 24540
1 1 148 0 210 2009 0
1 1 131 119 206 2007 50055
1 1 138 136 208 2009 50112
1 2 136 0 206 2006 23565
1 1 108 0 208 2008 22237
1 2 138 0 207 2008 0
2 1 131 0 0 2005 23842
1 2 143 0 202 2008 51758
1 1 132 0 204 2006 50156
1 2 132 138 207 2007 20026
1 2 111 0 207 2007 2661
1 2 0 0 207 2006 8644
1 1 125 0 208 2008 3287
1 2 0 0 0 2006 23487
1 1 106 0 205 2007 50564
1 2 125 0 206 2009 52180
1 2 115 122 210 2006 16497
1 1 132 0 208 2007 0
1 1 138 0 203 2007 24264
1 2 152 126 208 0 0
2 2 120 149 0 2005 50060
1 0 112 0 208 0 24694
1 2 143 139 210 2009 24415
1 1 125 0 0 2007 0
1 1 148 0 210 2008 24512
1 2 108 124 0 0 24516
1 2 113 0 202 2009 17188
1 2 143 0 208 2006 0
1 1 131 111 207 2007 24210
1 1 147 0 204 2007 2960
1 1 108 0 210 2007 24271
1 2 142 0 207 2006 0
2 1 133 0 210 2005 51833
2 1 133 112 205 2004 7895
1 2 120 149 208 2006 50029
1 1 150 107 204 2007 24026
1 1 135 0 0 2006 23623
1 2 120 0 207 2008 23989
1 1 141 0 203 2007 24026
1 2 138 0 210 2007 3544
2 2 108 145 203 2004 50894
1 1 127 0 202 2008 24030
1 1 108 123 205 2008 9077
1 1 108 151 208 2007 9046
1 2 120 149 205 2005 23994
1 2 120 149 210 2007 50029
2 2 135 107 205 2004 50909
1 0 139 151 208 2009 2561
1 1 132 111 207 2008 3841
2 1 146 118 206 2005 23965
1 2 125 118 203 2007 4889
2 0 0 0 0 0 0
2 2 0 0 205 0 23460
1 0 137 0 208 2006 12503
5 2 136 114 0 0 0
1 2 139 0 207 2006 50894
1 2 0 0 210 2009 957
1 2 113 0 203 2006 25466
1 1 120 149 202 2009 50514
2 0 0 0 0 0 0
1 1 137 0 209 2008 52761
1 1 122 0 210 2009 50029
1 1 131 0 204 2008 53663
2 1 123 0 208 2002 53060
2 2 142 0 0 0 0
1 1 138 0 207 2007 50761
1 1 143 0 207 2009 3385
1 2 151 111 206 2006 4035
1 2 131 123 203 2009 24532
1 1 115 0 210 2008 50231
2 1 119 0 208 2004 24005
2 1 143 0 210 2005 21128
5 1 112 0 0 2008 0
2 2 135 0 203 2005 0
2 2 131 115 208 2000 0
1 1 112 0 207 2008 50848
1 2 0 0 206 2009 781
1 2 136 139 205 2009 16440
2 2 123 0 202 2004 713
2 2 136 135 203 2003 0
1 0 152 0 204 2006 24512
1 1 123 131 208 2007 1031
1 2 121 0 209 2008 24448
2 2 137 0 204 2004 0
1 1 123 0 208 2007 6157
2 0 0 0 0 0 0
5 0 0 0 0 0 0
1 2 140 121 209 2009 16077
1 2 141 0 206 2006 25723
1 1 133 118 202 2009 23967
1 1 136 127 0 2004 0
1 2 141 149 206 2006 2152
1 1 124 151 207 2006 23099
2 1 120 149 0 2004 24264
1 0 0 0 209 0 12235
1 2 142 0 209 2008 24094
1 1 132 0 210 2006 0
2 1 131 0 210 2005 23965
1 2 121 140 205 2009 3389
2 2 127 152 0 2004 10289
1 1 138 0 203 2006 24122
1 2 131 0 210 0 55100
1 2 125 0 204 2007 15987
2 2 131 0 204 2004 0
2 2 136 0 0 2005 23462
1 1 122 109 205 2005 23335
1 2 147 115 205 2008 24342
1 1 138 0 207 2006 24316
1 2 127 0 203 2008 50929
2 1 108 152 0 2005 6677
1 1 131 120 204 2006 24013
3 2 109 0 0 0 0
1 1 137 0 203 2006 34
1 1 137 0 203 2008 24750
2 2 123 0 208 2004 17793
1 2 141 149 206 2007 21056
1 2 131 146 207 2007 51297
1 2 0 0 206 2009 24657
2 1 120 151 205 2005 50689
2 1 124 0 0 2005 50177
1 1 119 123 206 2009 51145
1 2 137 0 207 2007 50187
1 1 121 135 203 0 0
1 2 142 0 207 2007 7402
1 1 150 0 207 2009 50294
1 2 141 142 209 2008 23803
1 1 148 114 210 2009 4786
1 0 0 0 207 2008 6100
5 2 141 106 0 2004 0
1 2 139 120 210 2006 50156
1 1 112 0 203 2007 24512
1 2 137 0 207 2006 15852
1 1 142 0 204 2007 0
1 1 131 111 209 2009 24094
1 1 131 0 202 2008 24263
4 2 138 0 0 0 50422
1 1 139 0 205 2007 51918
1 1 108 0 202 2008 6071
1 1 114 109 205 2008 50029
2 2 142 0 210 2004 18721
1 2 112 0 206 2007 9415
1 2 113 149 205 2008 23277
2 1 137 0 208 2004 8357
1 1 127 0 206 2007 15875
1 2 131 0 209 2009 50071
1 1 0 0 202 0 23485
2 1 108 0 209 2005 24094
1 2 137 0 207 2008 17456
1 1 113 123 202 2008 24093
1 2 136 135 202 2006 50458
2 2 138 0 0 0 0
1 2 112 151 208 2008 23383
1 2 131 120 204 2007 23735
1 0 138 0 207 2008 55602
1 2 0 0 210 2007 50094
1 2 120 149 0 2004 24020
1 1 108 0 206 2007 4573
1 2 143 136 210 2008 50236
1 1 122 120 209 0 23649
1 1 142 114 210 2008 0
1 2 0 0 209 2008 0
1 1 112 146 202 2006 11019
1 2 137 140 210 2008 19606
2 2 141 0 205 2004 7470
1 1 112 0 208 2008 24692
1 2 108 0 204 2006 24555
5 2 143 0 0 0 24118
1 2 115 152 206 2009 23727
1 2 122 116 206 2007 24657
2 1 124 111 208 2005 52244
1 2 0 0 208 2008 23330
1 1 138 0 203 2006 0
1 1 123 113 203 2006 50550
1 1 108 0 204 2007 24456
1 1 108 0 210 2008 50081
1 2 147 152 202 2007 11067
2 2 0 0 206 2005 2849
1 2 140 135 208 2008 3509
1 2 122 111 210 2008 55005
1 2 143 135 206 2009 52612
1 2 149 0 0 2006 23785
1 2 142 141 205 2009 23748
2 1 114 0 208 0 0
1 1 122 109 202 2007 4004
1 1 120 149 207 2007 0
1 2 123 115 202 2009 50112
1 1 122 151 206 2007 23640
1 1 123 0 203 2007 51459
1 2 120 149 208 2007 52555
1 2 143 146 205 2007 23623
2 1 114 0 209 2005 15660
2 2 120 111 204 2002 23700
1 2 143 0 210 2009 50096
1 2 127 0 0 0 22998
1 1 108 0 204 2006 24140
2 1 113 111 0 2004 24005
1 1 123 149 204 2009 24771
2 2 111 108 202 1999 54557
1 2 142 141 210 2007 23995
1 1 108 0 203 2008 5514
1 0 0 0 0 0 0
1 2 108 118 205 0 23965
1 2 122 0 210 2008 24093
1 1 108 113 205 2005 24713
2 1 120 0 208 2004 23955
1 0 127 0 207 2007 10289
1 0 0 0 0 0 50686
2 2 142 0 209 2005 0
1 1 127 123 203 2007 9151
2 2 112 0 209 2005 24104
1 2 115 0 209 2008 5514
1 1 0 0 205 2008 24384
1 2 131 0 204 2008 9295
2 2 127 149 207 2005 23967
2 1 131 0 203 2004 2146
2 0 0 0 0 0 0
1 1 119 151 206 2007 52555
1 2 137 0 206 2009 24033
2 1 108 0 205 2004 24035
1 1 113 110 206 2006 9077
1 1 131 0 208 2008 3995
1 1 142 0 0 0 0
2 1 0 0 204 0 50031
2 1 123 0 210 2005 4849
1 1 143 0 209 2008 6811
1 2 120 0 204 2006 1963
1 2 121 115 202 2006 24280
1 1 137 0 208 2009 21258
1 2 135 136 207 2008 23662
1 2 0 0 0 0 0
1 0 0 0 204 0 2678
2 2 131 115 203 2004 10788
5 2 112 0 209 2005 0
1 2 113 0 210 2009 50520
1 2 138 118 210 2008 24020
1 1 122 0 209 2009 24020
1 2 113 0 207 2006 50810
1 1 113 0 208 2008 8112
1 2 120 113 0 2007 0
1 1 113 131 205 2006 50514
2 1 112 122 208 2005 50550
1 1 108 111 208 2006 16530
1 1 106 0 207 2006 0
2 1 112 122 204 2004 0
1 2 131 114 203 2009 54489
1 2 137 140 209 2007 24454
1 1 137 0 208 2009 20823
1 2 108 112 209 2007 19352
1 1 127 0 0 2006 10088
2 1 122 151 209 2001 23967
1 2 106 112 206 2006 50029
2 2 127 0 209 2004 24094
1 1 122 0 209 2006 23771
1 2 143 149 202 2006 53742
1 2 143 0 207 2005 15953
1 1 122 118 203 2007 0
1 2 137 0 202 2009 0
2 2 112 149 205 2005 23342
2 1 137 148 210 2005 24005
1 2 143 0 207 2009 50029
2 0 114 0 0 2004 26738
1 2 143 0 202 2009 50369
2 1 122 151 202 2004 23894
1 1 123 149 208 2007 53716
1 0 0 0 203 2006 0
1 0 0 0 0 0 0
1 1 135 0 205 2007 1338
1 0 148 123 209 2006 24013
1 1 135 115 208 2007 17252
1 2 120 0 206 2008 19357
1 1 112 122 204 2009 50597
1 1 123 0 204 2007 1518
1 2 132 112 203 2007 23828
2 2 115 0 205 1995 0
1 2 131 133 209 2007 23653
1 2 144 120 204 2005 52555
2 2 0 0 206 2002 0
1 1 125 118 0 2006 50498
1 1 123 0 205 2007 23341
1 2 131 115 0 2008 52197
3 1 134 132 0 0 0
2 0 0 0 0 0 0
1 2 0 0 0 0 24384
1 1 119 0 209 2007 52555
1 2 132 0 206 2009 5771
2 1 124 0 202 2005 50066
1 2 135 136 203 2007 0
1 1 0 0 207 2009 4702
2 2 132 0 208 2005 20143
2 1 127 0 0 2005 11280
1 1 131 111 207 2008 3310
1 2 143 0 209 2009 55668
1 2 127 0 204 2007 9587
2 2 108 111 0 2005 55275
2 2 123 120 204 2005 0
1 2 137 0 207 2005 0
4 1 124 123 0 1995 24570
1 1 108 0 206 2007 0
1 2 122 0 210 2006 24659
1 0 120 149 203 0 50066
1 2 121 0 207 2007 21292
1 1 0 123 208 2004 24639
1 2 0 0 202 2008 0
1 2 137 0 210 2007 1031
1 0 0 0 210 0 8617
1 1 127 151 205 2009 0
1 1 123 131 210 2009 18485
4 0 0 0 0 0 0
2 1 123 116 202 2002 11988
1 2 137 0 209 2008 55668
1 1 133 108 203 2005 0
1 2 135 136 205 2007 24457
2 2 120 0 209 2003 23829
1 1 135 0 208 2007 22979
1 2 138 149 210 2006 1764
1 1 131 0 210 2009 0
1 2 142 0 209 2005 0
1 2 135 0 208 2009 24376
1 1 133 0 208 2009 24459
1 1 124 0 204 2008 50112
1 1 106 151 203 2008 23842
1 2 136 0 206 2009 26828
5 0 0 0 0 0 0
1 2 0 0 208 2009 4117
2 1 0 0 0 2005 0
2 1 123 113 210 2005 0
2 1 114 0 204 2004 3523
1 1 112 0 210 2007 23994
5 1 0 0 0 2006 0
1 2 135 136 207 2008 4568
2 0 124 151 209 2003 52371
2 0 0 0 0 0 0
1 1 144 120 210 2006 17191
2 2 138 120 205 2004 16530
1 1 131 0 208 2006 50112
5 2 149 0 204 2006 0
2 1 123 0 202 2004 11994
1 1 123 0 207 0 24026
1 2 137 0 205 2008 22418
1 1 127 0 202 2008 9021
1 0 0 0 0 0 0
1 1 131 0 203 2007 23308
2 1 151 113 209 2005 23444
1 1 0 0 206 2008 17537
2 1 118 0 202 2005 24094
1 1 125 0 207 2005 8429
1 2 120 125 204 2005 50074
1 1 148 106 209 2008 51416
1 1 0 0 207 2007 50434
1 1 0 0 209 2009 16438
1 2 0 0 207 2008 24024
1 2 141 0 209 2006 53805
1 1 137 0 203 2006 24657
2 1 127 0 0 2005 23842
1 2 131 0 204 2008 51459
2 1 108 0 208 2004 24114
1 1 134 0 208 2007 5173
1 1 125 106 206 2007 52377
2 0 137 0 209 2005 1287
1 1 127 0 203 2009 842
1 2 120 149 0 0 1803
5 2 143 127 0 2005 24013
1 2 141 142 203 2009 20523
2 1 119 0 210 2005 3243
5 2 136 0 0 0 23526
1 2 0 0 210 2009 3716
1 2 127 0 204 2009 19095
1 2 152 145 204 2009 24376
1 1 131 0 205 2008 16621
1 1 120 0 204 2006 4005
2 1 135 0 205 2005 24583
1 1 119 0 209 2006 20691
1 2 122 112 203 2008 24301
2 2 131 0 207 0 23535
2 0 0 0 0 0 0
1 1 108 0 208 2009 51446
1 1 127 0 0 2006 52555
1 1 113 0 204 2009 23994
5 2 136 0 0 2008 1805
1 2 121 149 205 2008 17636
1 1 123 113 207 2008 24119
1 1 118 122 209 2008 14227
1 2 142 149 210 2008 23341
1 1 123 135 209 2008 23322
1 2 148 151 202 2008 50735
5 2 140 0 204 2005 719
1 1 120 149 202 2008 24020
1 2 143 0 0 2005 50011
1 2 131 106 205 2006 20327
1 2 120 0 205 2006 3544
2 0 144 120 210 2005 7833
1 2 138 0 210 2008 20627
1 2 123 0 203 2006 15945
1 2 115 112 203 2008 11050
1 1 124 151 208 2008 24654
1 2 138 0 202 2009 50951
1 1 106 112 208 2007 51002
1 2 0 0 203 2009 4585
1 2 138 120 209 2006 24210
1 1 136 0 203 2009 50439
1 2 132 0 205 2006 24264
1 2 123 107 207 2007 10932
2 1 152 122 205 2004 50331
1 2 131 0 203 2006 50011
1 1 131 0 209 2008 24037
2 1 112 122 210 2004 50029
1 1 108 112 209 2009 50408
2 2 141 142 202 2002 23989
1 2 121 0 208 2006 1594
1 1 119 114 205 2009 51308
1 1 108 122 209 2008 52555
2 2 142 0 208 2004 24030
1 2 119 0 210 2007 21653
1 2 127 0 206 0 0
1 2 0 0 204 2007 0
1 2 149 0 210 2007 0
1 2 141 120 203 2008 23310
1 1 123 122 203 2007 23994
2 1 112 0 204 2005 21556
2 1 113 0 204 2005 52031
1 2 120 0 205 2007 23383
1 1 131 118 202 2007 8617
4 2 0 0 0 0 23965
1 2 122 112 202 2007 23426
1 1 122 149 208 2008 23965
2 2 120 0 206 2005 24614
2 2 143 0 204 2005 50136
1 2 0 0 206 2009 0
2 0 131 110 206 0 50988
2 1 140 0 203 2004 23728
1 1 131 0 202 2006 20829
4 2 0 0 0 0 2401
2 2 120 124 202 2004 23965
1 1 0 0 209 2008 23713
1 2 113 120 202 2007 24211
2 2 113 0 205 2005 24782
2 1 151 108 205 2004 24476
1 0 0 0 0 0 0
1 1 139 0 202 2008 24512
2 2 124 0 205 2005 15262
2 1 143 0 203 2005 25084
2 1 132 0 202 2005 23700
1 1 141 0 206 2008 50042
1 1 123 111 208 2006 0
1 1 113 0 204 2008 23383
1 1 132 0 203 2007 8590
1 2 114 139 209 2008 2024
1 2 113 149 204 0 17918
1 2 131 132 208 2007 0
1 2 141 0 206 2007 24094
1 1 143 135 202 2008 24038
5 1 109 152 0 2009 0
1 1 143 111 206 2008 50029
2 2 122 111 203 2004 23342
1 2 122 108 206 2009 17115
2 2 141 0 205 2004 23829
1 2 127 0 202 2008 23271
1 2 131 0 209 2008 24657
2 1 123 119 202 2005 24026
1 2 138 146 202 2008 23309
4 2 0 0 204 0 0
1 1 115 0 210 2005 0
1 2 0 0 203 2008 50037
1 1 131 0 203 2006 51849
1 1 137 0 206 2009 50901
1 2 140 0 208 2008 24628
1 1 131 0 209 2006 23054
1 1 110 108 204 2007 24657
1 2 0 0 207 0 9077
2 1 124 0 206 2005 23722
1 2 143 142 204 2009 15903
1 0 137 118 0 0 0
1 2 123 115 202 2008 51004
2 1 0 0 0 2004 50054
2 1 131 0 207 2005 24657
1 2 121 123 205 2007 9319
1 2 143 0 209 2007 23342
1 2 143 0 209 2008 3701
1 1 131 135 204 2009 23956
1 1 139 0 0 2006 0
1 1 131 110 202 2009 0
2 1 127 0 209 2004 18376
1 2 141 120 203 2007 50042
1 2 120 0 207 2005 50029
1 1 118 123 205 2008 23533
1 0 152 0 206 0 0
1 2 136 148 205 2006 4686
1 1 139 0 210 2005 50224
1 1 112 109 206 2006 53805
1 1 120 149 204 0 51000
1 2 145 0 204 2006 23329
1 2 137 0 210 2009 50156
2 2 131 111 205 2004 0
1 2 113 149 204 2005 24225
1 2 131 0 208 2008 24005
1 1 123 0 204 2008 6356
1 2 138 0 203 0 24657
1 1 143 0 207 2007 24660
1 2 147 121 202 2008 16621
1 2 141 120 203 2006 12267
2 1 122 0 202 2005 51624
2 2 120 0 207 2005 4296
1 2 143 136 204 2008 4800
1 2 122 0 207 2009 3871
1 2 133 111 210 2006 16550
2 2 0 0 204 2004 24119
1 1 119 146 209 2009 23842
1 2 0 0 209 2008 9321
1 2 137 0 202 2009 0
3 1 146 0 0 0 0
1 1 119 0 0 2008 24537
1 1 120 118 203 2007 50951
1 2 121 0 202 2008 24027
1 2 122 0 203 2008 50982
1 2 0 0 208 2009 0
1 1 148 118 208 2008 16383
1 2 113 149 206 2006 23840
1 1 0 0 208 2007 51093
1 2 115 119 207 2008 0
5 2 115 0 0 0 15836
1 2 143 118 207 2007 23016
2 1 127 108 209 0 24013
1 2 149 121 204 2007 55005
1 2 112 121 205 2007 1595
1 1 131 0 203 0 50094
1 1 148 0 205 2007 3945
1 2 142 149 206 2006 5971
1 2 122 0 204 2006 21579
2 1 121 0 0 2005 24691
1 2 141 115 210 2008 52761
2 2 143 0 208 1997 0
1 2 120 123 202 2008 24703
2 2 120 0 205 2000 50134
1 2 141 142 210 2009 50029
1 2 149 0 0 0 24742
1 2 122 111 209 2008 0
1 2 137 0 203 2009 51181
1 1 127 0 207 2006 8160
1 1 123 0 202 2007 0
1 2 143 121 204 2006 1090
1 1 108 0 208 2008 24456
1 1 0 0 208 2009 51835
1 2 147 0 210 2008 26835
1 2 131 0 208 2006 6139
1 1 148 123 207 2006 53744
1 0 137 0 208 0 20487
2 1 119 113 207 2005 781
1 1 131 0 205 2006 23765
2 2 0 0 204 2004 50279
1 2 142 0 206 2009 24009
1 1 0 0 204 0 50368
1 1 0 0 209 2007 23829
3 2 127 146 0 0 0
1 2 0 0 210 2009 50459
1 2 115 0 204 0 0
1 1 124 151 202 2008 16120
1 1 120 149 206 2009 23649
2 2 125 106 210 2004 2291
1 2 120 149 210 2008 24094
1 1 108 0 207 2007 23485
1 2 120 139 202 2007 4005
1 1 134 0 208 2008 50742
1 2 131 111 207 2007 50236
1 2 113 0 0 2006 23791
2 1 137 0 204 2005 16530
1 2 0 0 206 2008 0
1 2 120 149 209 2005 0
2 2 142 0 202 2005 50224
1 1 0 0 205 2009 24939
1 2 131 151 209 2006 3791
1 1 108 0 205 0 0
1 2 121 0 205 2006 22933
1 2 123 149 202 2008 24135
1 2 143 0 208 2009 50550
1 2 142 0 202 2009 24048
5 2 136 0 0 2010 8828
1 1 137 0 210 2009 23675
1 2 115 0 207 2006 23402
1 2 123 136 202 2009 16267
1 2 137 0 210 2006 50564
1 2 137 0 205 2007 23330
1 2 120 144 205 2007 1097
1 1 120 112 207 2006 23970
1 1 122 120 207 2005 0
2 2 142 0 202 2004 23054
1 2 112 111 202 2006 7676
1 1 123 0 202 2008 24454
1 1 131 108 209 2009 8375
1 1 123 151 208 2006 24311
1 2 125 118 206 2006 25419
2 1 122 0 204 2004 11751
2 2 136 0 0 0 0
1 1 142 149 209 0 24454
1 2 120 151 208 2007 24029
1 2 135 148 202 2007 0
2 2 131 0 207 2004 52555
1 1 123 0 203 2007 23620
1 1 132 0 205 2007 9830
2 2 120 141 205 2004 24037
2 1 123 0 0 2005 9581
5 2 149 0 206 2006 632
1 1 151 113 203 2006 23965
1 2 135 0 203 2006 3602
1 1 121 108 202 2006 15591
1 2 113 149 207 2008 672
2 2 141 118 207 2005 54114
1 2 125 0 208 2007 0
2 0 0 0 0 0 0
1 1 132 0 210 2008 22313
1 1 123 0 209 2009 24013
1 1 122 151 209 2007 51849
2 2 138 0 204 2003 24654
1 0 116 0 0 2007 24514
2 2 143 0 202 2004 50732
2 2 115 148 210 2003 10427
1 0 0 0 0 0 0
1 1 131 0 209 2009 51022
1 1 124 106 202 2006 23971
1 2 108 0 205 2009 24423
2 1 139 0 209 2005 23330
1 2 138 137 206 2009 20681
1 2 120 149 203 2006 5980
1 0 0 0 0 0 0
1 1 0 0 208 2009 4481
1 0 0 0 0 0 24162
1 2 122 149 204 2006 24493
1 1 131 0 203 2008 24657
1 1 147 0 205 2006 7835
1 0 0 0 0 0 0
1 2 108 0 208 0 0
1 2 142 0 206 2008 51624
1 1 131 151 206 2006 23989
1 1 120 108 208 0 9382
1 2 131 146 204 2008 23675
2 1 111 131 206 2005 24122
1 1 108 0 202 2008 51949
1 2 149 120 203 0 4655
1 2 121 120 0 2005 11649
1 2 127 0 208 2006 4035
2 0 0 0 0 0 0
2 2 142 0 203 2003 23526
1 1 136 137 203 2008 24321
1 2 114 127 209 2006 10289
2 1 0 0 210 2005 23533
1 1 122 139 203 2009 24660
2 2 120 111 209 2004 50029
1 2 143 0 203 2009 1213
1 1 113 110 205 2009 52161
1 2 151 119 206 2007 24235
1 1 127 0 202 2005 23675
1 1 131 0 202 2007 52109
1 2 137 123 207 2009 0
2 2 141 0 202 1999 0
1 2 142 143 204 2009 0
1 1 131 132 202 2009 50822
2 2 121 0 204 2002 5486
1 1 138 0 207 2008 50112
1 0 0 0 0 0 0
1 2 120 122 203 2006 3565
2 0 0 0 0 0 24119
1 2 131 115 206 0 0
1 2 137 0 207 2008 51539
5 2 131 0 0 2008 23383
1 1 125 106 207 2007 1964
1 2 132 0 207 2009 0
2 2 142 0 203 2004 21965
1 1 143 0 202 2008 53805
1 1 137 0 206 2009 24411
2 1 110 0 208 2005 24094
1 2 120 113 210 2007 52029
1 2 149 113 209 2008 24365
1 1 138 0 205 2009 23965
1 1 133 119 206 2009 23728
2 1 143 0 209 2005 2800
1 2 107 0 202 2006 22870
1 1 137 0 205 2006 0
1 2 0 0 207 2008 51165
1 2 108 115 0 2006 52555
1 1 137 0 206 2009 24320
1 1 127 0 208 2008 50659
2 1 137 120 208 2002 4416
1 1 120 118 202 2008 50058
2 2 132 112 207 2003 23645
1 1 137 0 203 2008 50764
1 2 139 0 207 2009 9157
1 2 120 113 210 2009 23348
1 2 0 0 207 2008 20152
1 2 121 151 205 2006 0
2 1 137 0 205 2004 0
1 1 136 0 203 2007 9046
2 0 0 0 0 0 0
5 1 131 0 209 0 0
1 2 127 0 209 2009 4009
1 1 0 0 206 2009 24030
1 1 113 0 209 0 24037
2 2 142 0 208 2004 24410
1 1 122 120 208 2007 23828
4 2 0 0 0 0 0
1 1 108 127 202 2005 23918
1 1 131 0 208 2009 53252
1 2 133 123 206 2008 23498
1 2 143 141 207 2009 23656
1 1 123 111 203 2008 50138
1 2 140 0 208 2006 23341
1 2 142 141 202 2009 11456
2 1 108 149 204 2003 23965
1 2 127 0 208 2006 3632
2 2 141 0 202 2005 23623
1 1 123 108 202 2008 50093
1 2 115 0 204 2006 24322
1 2 0 0 210 2009 59498
1 1 120 0 202 2007 6321
1 2 146 130 203 2008 8433
1 2 143 120 206 2006 9603
2 1 127 0 205 2005 9415
1 1 141 149 204 2009 1964
1 2 122 108 210 2007 24514
1 1 125 146 202 2005 0
1 0 122 151 203 2008 23383
1 1 0 0 203 2009 16383
2 2 134 0 206 2005 52166
1 1 119 111 204 2008 23623
1 2 115 0 0 2007 4349
1 2 123 0 206 2005 23735
1 1 108 107 208 2006 9492
1 2 120 149 0 0 23535
1 1 118 106 209 2007 24659
1 1 106 0 203 2007 50071
1 1 0 0 207 2009 24013
1 2 125 118 202 2005 4568
1 2 120 149 204 2006 55071
2 1 0 0 0 2005 50520
1 1 131 119 202 2006 11206
2 2 108 118 207 2004 5107
1 2 115 122 204 2006 16440
2 2 119 0 203 2004 16761
5 2 127 0 0 0 52244
1 2 131 132 206 2008 20340
1 2 142 149 207 2009 50029
1 1 124 113 208 2007 25210
1 1 124 0 204 2007 50649
1 2 140 144 209 2008 0
2 1 122 0 207 2004 17641
1 1 122 112 206 2008 24657
5 2 136 0 0 0 0
1 0 130 0 202 0 0
1 2 143 0 205 2006 8184
2 2 120 113 0 2005 23533
1 2 141 149 204 2008 24122
2 1 108 118 210 2005 8581
1 2 0 0 206 2009 52591
1 2 108 0 206 2005 23143
1 1 149 146 209 2006 3762
1 2 142 0 203 2007 24264
1 2 142 136 204 2008 50279
1 2 0 0 207 2008 8647
2 1 119 131 202 2005 0
2 2 124 123 210 2004 24029
1 1 120 151 210 2007 50143
1 1 113 0 207 2007 0
2 2 136 144 210 2003 50112
1 2 139 0 207 2006 0
2 2 120 149 209 2005 0
1 1 120 149 207 2006 15036
1 2 121 0 202 2009 50145
1 2 143 0 208 2009 20754
1 2 131 0 208 2006 24292
1 1 150 119 206 2006 0
2 1 131 0 210 2004 52555
5 2 142 0 204 2004 0
1 1 122 0 202 2006 5044
5 2 136 0 0 0 0
2 0 0 0 0 0 0
1 0 0 0 203 0 0
1 2 122 152 208 2009 24092
1 2 120 149 203 2006 24029
4 1 126 118 0 0 23841
1 1 131 119 202 2009 12082
4 1 0 0 0 0 0
2 1 108 112 210 2004 0
2 2 124 0 205 2005 55005
1 1 127 0 206 2008 20631
2 2 139 0 207 2004 23566
1 1 108 0 209 2009 3755
1 2 142 141 210 2005 23983
1 2 143 0 203 2006 0
2 0 0 0 210 0 0
1 2 141 0 210 2007 24094
1 1 122 112 210 2009 3243
5 0 0 0 0 0 0
1 2 123 116 206 2009 23341
2 2 131 0 0 2005 23828
1 2 131 0 205 2006 51093
2 1 119 0 209 2005 50029
1 0 0 0 0 0 0
2 2 143 0 207 2005 20357
1 2 121 144 204 2008 23303
1 0 125 106 207 2008 9580
2 2 0 0 209 2004 24210
1 1 0 0 210 2009 50250
2 2 0 0 210 2005 4005
2 2 113 112 204 2003 23341
1 2 142 143 210 2009 0
1 2 140 118 204 2005 50138
1 1 138 0 210 2009 15508
1 1 106 0 208 2007 8737
1 1 132 0 210 2008 23386
1 1 133 0 207 2007 24659
1 1 113 131 210 2007 50097
1 2 136 0 206 2007 50112
1 0 0 0 0 0 0
1 1 124 111 202 2007 23648
1 2 0 0 208 2009 3678
2 0 0 0 0 0 0
1 2 123 0 205 2007 20838
2 2 142 0 210 2004 50108
1 1 0 0 204 2006 23679
1 2 141 0 208 2009 17430
1 1 127 0 204 2007 10289
1 1 123 0 204 2008 24565
1 2 135 0 202 2008 50679
2 1 108 123 203 2005 3899
1 1 0 0 202 2009 11810
1 2 108 0 209 2006 18042
2 2 142 0 209 2005 51990
1 1 127 111 208 2009 10843
1 2 138 0 202 2008 4686
2 1 137 0 207 2004 23341
1 2 0 0 204 2009 0
1 1 127 0 202 2008 2868
5 2 142 0 208 2004 23741
1 2 145 0 207 2008 50093
1 1 127 114 0 2008 24013
1 2 139 113 204 2008 51100
2 2 120 149 202 2002 23717
1 1 121 0 210 2006 25541
1 1 131 123 203 2006 24013
1 2 133 0 203 2007 20823
1 1 124 116 206 2006 3868
1 2 137 0 208 2008 1411
1 2 131 120 210 2007 50029
1 2 120 149 208 2006 3898
1 1 120 149 206 2007 24003
1 2 121 149 202 2006 50211
1 1 131 0 202 2006 51030
5 1 127 0 0 0 0
1 1 125 0 210 2007 2597
1 1 112 0 206 2008 6567
1 1 108 0 203 2008 23566
1 1 137 109 209 2007 50345
2 1 136 0 210 2004 0
2 2 115 135 209 2005 50598
1 2 143 0 207 2006 51295
1 1 112 108 204 2009 0
1 2 122 120 210 2008 2405
1 2 121 123 209 2008 6676
2 2 143 0 202 2003 23736
1 2 138 0 205 2006 24657
2 1 113 0 0 0 4494
1 2 113 149 208 2009 0
1 2 124 122 209 2006 23526
1 2 112 106 209 2007 3900
1 2 131 108 204 2008 499
2 2 141 0 210 0 23555
1 1 124 0 204 2008 12392
1 1 138 0 202 2006 0
1 2 127 0 203 2006 50181
1 1 0 0 204 2006 50026
1 2 0 0 209 2009 23735
1 1 123 0 203 2006 52197
2 1 125 0 206 2005 24659
2 2 142 135 205 2005 0
2 1 121 149 208 2004 23613
1 2 137 0 203 2009 0
1 2 113 0 0 0 24052
1 1 122 149 204 2008 23383
1 2 136 0 206 2008 12485
2 1 111 131 0 2005 23620
1 1 112 0 202 2007 15803
1 1 108 0 202 2006 24450
1 2 135 136 202 2007 24038
1 2 142 0 204 2009 23533
1 2 143 0 209 2009 51910
1 2 120 111 203 2006 23533
2 2 141 131 208 2004 24520
4 2 112 0 0 0 23994
1 2 124 108 210 2008 52555
2 1 133 0 209 2005 0
1 2 143 136 207 2009 54923
4 0 0 0 0 0 0
5 1 132 0 0 0 50253
2 1 119 148 210 2004 24568
2 1 131 0 202 2005 50125
2 1 132 0 204 2005 24572
1 1 137 0 207 0 50029
1 2 131 0 203 2007 52555
1 1 120 0 208 2008 3796
1 2 131 0 208 2009 3476
1 1 131 0 206 2009 22313
1 1 122 0 205 2009 24660
2 0 0 0 0 0 0
2 1 142 120 204 2005 50532
1 0 0 0 0 0 0
1 1 134 0 204 2005 52555
1 1 0 0 206 2008 23989
1 2 142 0 204 2008 19114
1 2 132 0 205 2009 0
1 1 135 109 203 2009 50722
1 2 140 115 208 2007 15638
1 0 122 0 0 2007 5221
1 2 135 115 202 2008 8830
1 1 122 112 204 2009 58523
1 1 123 0 203 2006 22439
2 1 108 119 209 2005 819
1 2 138 0 203 2007 23765
2 0 108 123 208 2005 24026
1 2 143 0 210 2008 23364
1 1 143 0 202 2007 8376
1 2 138 0 207 2007 23460
1 1 0 0 207 0 15876
1 2 108 0 206 0 53157
1 1 112 111 205 2007 53682
2 2 138 120 202 0 20829
1 1 127 0 205 2009 25848
2 1 119 111 209 2005 23994
1 2 131 0 203 0 2275
2 2 131 0 203 2005 21248
2 2 138 0 205 2005 0
1 2 137 146 205 2006 0
1 0 0 0 0 0 0
1 2 131 116 210 2008 24092
2 2 127 0 0 2004 50095
1 2 145 150 202 2007 52081
1 1 120 149 203 2008 2734
1 2 143 0 206 2008 24210
1 2 138 0 208 2007 11893
2 1 123 0 204 2005 51145
1 1 124 151 208 2006 24093
2 1 137 0 208 2005 34
1 1 123 0 204 2007 1427
1 2 141 0 210 2008 23535
2 2 132 0 209 2005 50214
2 2 142 0 202 2004 4553
1 2 138 135 206 2007 21566
1 1 131 0 210 2006 1465
1 1 0 0 210 2009 24011
1 2 134 0 206 2008 52589
1 1 132 109 210 2009 50714
1 1 113 0 207 2008 23533
1 2 0 0 0 2007 50016
2 2 106 119 210 2005 22843
1 2 143 0 203 2009 4686
1 2 137 0 210 2009 0
1 1 132 0 209 2008 7851
1 1 0 0 207 2007 23330
2 1 131 146 210 1999 24005
1 2 138 0 202 0 23429
1 2 146 131 205 2007 24750
1 1 125 146 209 2006 50055
2 2 112 147 205 2004 24456
1 2 139 120 204 2008 51093
4 2 0 0 0 0 0
2 1 123 0 208 0 50065
1 1 139 0 204 2008 17636
1 1 113 109 209 2008 14354
1 1 113 0 202 2005 0
5 2 137 135 0 2007 23341
1 1 137 0 206 2008 12485
5 2 120 118 0 0 54923
1 1 124 108 202 0 0
1 2 148 0 202 2009 23565
2 1 125 106 0 2005 51884
1 2 132 0 210 2009 5346
1 1 138 139 208 2006 50514
1 1 131 0 210 2006 25034
1 1 136 0 205 2009 3570
2 2 116 0 209 2005 23260
2 1 131 0 206 2005 50202
2 1 127 0 0 0 0
1 2 120 149 203 2006 20164
1 2 122 109 205 2008 0
1 1 125 0 206 2005 50231
1 2 119 0 203 2006 24660
1 1 137 0 203 2009 24005
1 1 0 0 203 2008 22417
1 1 108 107 207 2007 16779
5 2 142 0 0 0 3371
1 1 120 122 204 2006 4553
1 1 122 110 205 2006 50138
1 2 132 135 203 2009 59407
1 2 143 0 206 2006 20239
1 1 112 122 209 2009 1745
1 2 131 135 204 2009 23621
1 2 131 0 210 2007 1084
5 2 112 0 0 0 26514
1 2 120 149 208 2007 9285
1 2 115 151 203 2006 24027
1 2 121 112 209 0 0
1 1 108 0 204 2009 50059
1 2 123 0 205 2006 0
1 2 127 0 204 2008 21566
2 1 108 127 202 2004 15803
2 0 118 120 0 2005 0
2 2 131 112 209 2004 15903
1 1 120 133 206 2009 2233
1 2 143 152 205 2006 50131
1 1 112 122 205 2007 2608
2 0 0 0 0 0 0
2 2 132 108 210 2004 4031
1 1 111 151 202 2007 51927
1 2 120 149 203 2009 24410
1 2 142 136 206 0 50218
1 2 108 0 207 2007 23673
1 1 123 119 209 2007 24633
1 2 141 112 210 2008 50152
1 2 123 115 207 0 24532
1 2 137 0 204 2008 0
1 2 135 114 207 2008 4276
2 2 112 108 210 2005 16267
1 1 131 0 203 2006 23555
1 2 142 0 210 2008 2405
2 2 131 0 203 2004 23342
1 1 119 110 202 2007 24013
1 1 143 0 208 2007 23562
1 1 125 106 205 2007 50794
2 2 113 0 208 2003 0
1 1 123 0 207 2006 17690
2 2 120 0 202 2005 24122
2 2 141 135 202 2003 16530
1 1 132 0 210 2007 23968
1 2 139 151 203 2009 17620
1 1 124 108 205 2005 23341
2 2 152 126 209 2004 0
2 1 148 123 206 2003 0
1 2 131 149 205 2006 23675
2 1 135 117 206 2003 5477
1 0 128 142 203 2004 0
2 1 131 146 0 2005 24454
1 2 143 0 209 2007 23748
1 1 106 123 203 2009 24654
2 1 127 0 0 2005 10289
4 2 142 0 210 2005 16668
2 2 131 115 204 2003 16535
1 2 108 123 205 2008 24562
1 1 131 0 205 2009 0
1 2 112 108 0 2009 0
1 1 133 131 202 2006 16062
2 2 135 112 210 2005 23727
1 0 0 0 0 0 0
1 0 0 0 0 0 0
1 1 108 0 205 2008 24535
1 2 113 149 209 2006 23580
1 2 121 0 202 2006 22887
1 2 112 0 209 2009 50029
1 1 131 0 207 2008 23679
2 2 120 122 203 2004 23604
2 1 137 0 208 2004 23973
1 1 133 0 204 2006 24764
1 1 119 0 209 2007 50034
2 2 142 0 203 2004 0
1 2 138 145 0 2005 3574
1 1 127 0 206 2009 0
1 2 131 120 205 2006 24750
2 2 136 120 209 2005 9023
2 1 0 0 209 2004 50486
2 1 138 0 0 2005 50138
2 1 135 144 206 2005 23330
2 0 0 0 0 0 0
1 0 0 0 0 0 0
1 2 139 120 202 2009 24321
1 1 108 0 208 2006 50091
2 1 122 120 204 2004 7494
1 2 131 0 206 2008 15936
1 2 140 0 205 2007 23363
1 2 0 0 0 0 23416
1 0 0 0 0 0 0
2 2 152 146 0 2008 24094
1 1 129 0 210 2006 785
2 2 141 142 205 2005 3397
1 1 121 0 206 2008 24037
1 2 141 0 204 2009 20213
2 2 138 151 207 2005 24210
1 2 121 122 203 0 50322
1 1 139 133 208 2006 50159
1 1 108 149 206 2007 50267
2 2 0 0 202 2004 0
1 2 136 146 210 2008 23330
2 2 141 127 202 2003 0
1 2 131 111 206 2009 51416
2 1 108 118 202 2005 23287
1 1 125 0 209 2006 52761
4 1 113 135 0 0 54923
2 0 0 0 202 0 0
1 1 108 0 205 2004 0
1 1 142 147 209 2007 24638
2 2 128 0 0 0 26532
1 1 125 106 203 2006 0
1 1 114 109 209 2008 50550
1 1 137 0 206 2008 24659
1 1 124 0 204 2007 25253
1 2 120 139 207 2008 23727
1 2 138 135 205 2006 3161
1 1 113 0 208 2008 51022
1 2 113 111 207 2006 50016
1 1 136 135 210 2008 51990
1 2 122 0 203 2009 0
1 2 125 0 206 2008 20936
1 2 112 0 205 2005 53202
1 1 120 142 203 2009 24026
5 2 143 0 0 0 22361
1 1 136 0 205 2009 15803
1 1 120 151 209 2008 52555
1 2 139 0 202 2006 9944
2 1 120 0 202 0 0
2 1 123 0 0 2004 11413
1 2 112 149 204 2009 5040
1 1 0 0 209 2009 23994
1 2 143 0 203 2007 11751
1 1 141 120 0 2006 50112
1 2 143 0 206 2008 9414
1 2 113 126 203 2009 23310
1 2 112 120 206 2008 23342
1 1 140 108 210 2006 50112
1 1 143 0 207 2006 24417
2 2 127 108 0 0 0
1 1 0 0 206 2007 4711
1 2 0 0 206 2008 5477
1 2 112 108 207 2009 23330
1 1 136 148 204 2008 23332
1 2 143 0 204 2007 2405
1 1 127 0 203 2007 1945
1 1 138 0 203 2005 0
1 0 0 0 0 0 0
1 0 0 0 0 0 0
1 2 113 0 206 2006 24778
2 2 122 109 209 2005 50701
1 1 0 0 208 2007 0
2 1 119 111 208 2004 0
5 0 0 0 0 0 24094
1 2 120 123 209 2009 51293
2 0 141 0 207 2003 24034
2 2 139 127 205 2004 24270
1 1 116 112 208 2006 23334
1 2 131 0 209 2009 0
2 1 122 0 206 2005 51214
1 2 125 0 208 2006 25757
2 2 142 0 210 2003 23494
1 2 110 0 203 2005 24029
1 1 137 0 203 2009 17449
1 1 124 109 204 2006 23994
1 1 127 0 209 2007 6400
5 2 125 0 206 2005 52465
3 2 0 0 0 0 0
2 2 120 0 208 2002 23460
1 2 0 0 204 2009 23498
1 1 116 0 204 2006 17584
1 1 0 0 0 0 23323
1 0 123 0 0 2007 50673
1 1 125 0 208 2008 54996
1 2 108 0 209 2008 24692
1 2 141 135 210 2008 3632
2 1 111 151 206 2005 23649
1 2 136 112 0 2009 0
1 2 136 131 205 2006 24535
3 2 136 0 0 0 0
1 1 0 0 202 2008 5999
1 1 127 0 204 2006 0
1 2 142 122 203 2008 20239
1 1 131 0 204 2008 23308
2 2 142 0 210 2003 50900
1 2 123 124 206 2007 24659
1 1 152 123 202 2009 9187
5 2 141 0 208 2004 50797
1 1 106 108 210 2006 4377
2 2 141 142 206 2001 50112
1 1 123 0 209 2006 50029
1 1 111 117 208 2008 24226
5 2 122 0 0 2005 23413
2 2 143 120 206 2004 9640
1 1 125 106 205 2007 21094
1 1 113 0 210 2008 50016
2 1 108 113 0 2005 3601
4 1 0 0 0 0 5928
1 2 133 123 203 2006 0
2 1 131 0 208 2005 4687
5 2 136 0 0 0 0
2 1 124 116 207 2004 23976
2 0 0 0 0 0 0
1 2 137 0 210 2007 20807
2 0 0 0 210 2005 23994
2 2 131 0 205 2004 52555
2 1 0 0 204 0 52555
1 2 122 0 206 2009 23968
1 2 112 0 210 2009 23322
1 2 139 0 203 2007 19114
1 2 0 0 206 2006 2395
1 2 122 0 202 2009 20327
2 2 127 111 208 2005 9587
1 0 0 0 202 0 0
5 1 135 0 0 2010 23675
1 2 143 120 203 2009 24658
1 1 136 134 0 2007 19693
2 1 136 0 204 2005 1048
2 2 136 0 210 2005 1305
1 1 131 113 202 2006 50956
1 1 108 0 203 2009 9321
1 2 127 152 210 2005 5221
2 2 142 0 208 2003 9262
1 2 120 0 0 2006 51062
5 2 144 135 204 2001 4423
2 1 122 0 205 0 0
1 1 131 0 203 2008 23968
1 2 137 120 204 2009 52244
2 0 142 118 206 2005 2749
1 2 148 0 204 2006 58523
1 1 122 111 205 2008 4392
1 1 119 0 204 2008 9140
1 2 136 145 206 2007 0
1 1 108 0 208 2009 21048
1 1 118 108 205 2008 23332
1 1 0 0 209 2008 6399
2 1 125 106 204 2005 23613
1 1 108 0 203 2006 50221
2 2 133 0 210 2004 8269
1 1 131 0 207 2008 20352
2 1 131 0 204 2004 0
2 2 139 120 205 2005 6392
1 2 142 120 207 2009 23921
2 1 131 0 210 2004 0
1 1 108 149 207 2008 0
2 2 122 109 207 2005 51297
1 1 123 0 0 2006 1887
1 1 141 115 205 2008 23968
1 1 148 0 202 2009 21155
2 2 145 152 204 2004 4004
1 0 113 123 205 2007 23841
1 0 0 0 0 0 0
1 1 123 0 204 2007 0
1 2 108 0 0 0 50065
1 2 122 120 204 0 23995
2 2 120 142 209 2001 50438
1 1 123 0 208 2007 51247
1 2 142 0 210 2006 24005
2 2 0 0 0 0 52555
1 1 140 0 203 2008 25189
1 2 137 115 208 2008 9501
1 2 138 139 209 2006 22152
1 2 122 120 204 2007 20478
2 2 142 142 204 2004 23341
1 1 121 149 202 2007 23535
1 1 124 0 203 2006 24026
1 1 131 108 202 2008 53805
1 1 131 0 202 2007 23828
2 2 108 112 0 2004 52109
1 2 121 141 203 2008 24013
1 1 0 0 208 2006 23995
1 1 122 124 205 2009 53398
1 1 124 0 210 2006 0
5 2 127 0 0 2007 0
2 1 123 0 203 2005 51887
1 2 137 0 203 2008 20239
1 1 108 0 207 2008 24027
1 2 131 0 203 2007 54923
2 1 123 0 206 2004 7351
1 2 120 0 205 2006 499
1 2 122 149 205 2007 24328
1 1 147 113 205 2008 0
1 0 0 0 0 0 0
1 1 131 144 210 2008 23675
2 1 127 110 204 2004 17035
2 2 141 0 204 2005 50438
1 1 124 0 202 2007 0
1 1 121 0 208 2006 5979
1 2 143 0 205 2007 23330
1 2 138 0 209 2006 1355
2 2 133 110 205 2000 9139
1 1 138 137 203 2007 50112
1 1 123 148 203 2008 50080
1 0 0 0 0 0 24190
1 2 0 0 0 0 55789
1 2 137 0 207 2006 9262
5 2 142 132 207 2003 23956
1 1 131 0 203 2008 1685
1 1 148 0 204 2007 23341
1 2 0 0 202 2008 51530
2 1 120 108 210 2000 16068
1 2 143 0 204 2008 5767
1 2 143 0 0 2008 24027
1 2 112 122 209 2006 50075
1 1 112 131 204 2009 50347
2 2 108 118 206 2004 0
1 2 142 0 206 2007 24094
1 0 120 149 0 2007 24512
1 1 124 0 202 2008 0
1 2 121 0 209 2006 476
1 1 137 0 209 2007 50514
2 0 123 0 204 2005 50550
1 1 106 118 204 2008 23803
1 1 0 0 203 2009 11285
2 1 121 0 0 2005 23675
2 2 115 124 203 2005 50121
1 2 108 0 203 2006 23341
1 2 131 116 209 2007 52555
1 1 141 149 210 2006 17880
2 2 127 0 0 2005 15591
1 1 127 0 210 2007 23363
1 1 133 108 203 2007 24195
1 2 120 122 206 2008 19357
1 1 123 148 206 0 24657
1 2 0 0 202 2009 54923
1 0 113 0 203 2007 52555
1 2 143 0 0 2008 50951
2 0 140 123 0 2005 50112
2 2 122 120 207 2004 3840
1 1 121 123 205 2006 4423
2 1 108 122 206 2004 23700
1 2 128 127 206 2008 0
1 1 120 122 205 2007 6399
1 1 108 0 0 0 0
1 1 142 140 210 2008 16546
2 2 138 0 208 2004 24694
1 0 142 0 203 2007 0
1 2 112 127 208 2008 50029
2 2 120 149 202 2004 0
1 1 0 0 204 2009 50764
1 2 139 0 204 2006 1090
2 2 131 113 208 2005 0
2 1 111 122 204 2004 24516
1 2 108 118 206 2005 6475
1 2 143 140 207 2008 24029
1 1 131 123 208 2009 24660
1 1 140 144 203 2008 51018
1 1 113 0 206 2007 24395
1 1 137 0 209 2009 23692
1 2 121 144 202 2006 52555
1 1 131 0 208 2008 8737
1 1 0 0 207 0 24030
5 0 123 0 0 2005 0
2 2 131 0 202 2005 50924
1 1 108 0 206 2009 8617
1 2 137 0 203 2006 50213
1 1 0 122 209 2006 50029
2 1 108 0 209 2003 52555
1 2 122 120 209 2007 0
1 2 125 0 208 2009 23341
1 2 138 137 204 2008 12120
1 1 131 0 208 2009 24094
2 1 148 114 204 2003 0
2 1 0 0 0 2005 23322
5 0 0 0 0 0 0
2 1 112 0 0 2005 23429
2 2 121 144 208 2005 50037
2 1 133 0 209 2005 23444
1 1 138 135 210 2008 51921
4 1 0 0 0 0 0
2 2 143 0 204 2005 24292
1 2 131 108 207 2009 23673
2 1 115 151 205 2002 51918
1 2 121 122 209 2008 52555
1 1 137 0 210 2006 50154
2 2 137 131 204 2005 24140
1 2 143 120 207 2009 52555
1 1 148 0 210 2008 57137
4 2 142 0 206 0 20663
2 1 112 151 204 2004 50091
2 2 113 0 202 2005 24100
2 2 112 0 206 2002 9783
2 2 142 0 0 2004 4005
1 2 141 0 209 2004 19623
2 1 0 0 204 2003 24066
1 1 112 106 210 0 24119
2 2 131 108 204 2000 0
5 1 109 0 0 0 0
1 1 137 0 204 2007 8644
1 2 131 0 208 2008 50550
1 2 119 0 203 2008 50951
2 1 124 151 207 2005 23713
2 2 108 0 202 2004 51856
1 2 108 0 204 2008 50011
1 1 142 0 210 2005 24603
1 1 109 0 204 2007 24657
2 1 124 149 205 2005 50690
1 1 138 0 208 2008 23487
1 2 120 0 207 2006 20064
2 1 120 112 210 2004 50365
1 0 0 0 0 0 0
1 1 123 116 207 2007 20478
1 2 113 149 208 2009 24292
2 2 142 0 208 2001 0
2 1 108 122 206 2005 24248
2 1 119 0 206 2004 54805
1 2 141 0 204 2009 0
1 0 120 149 207 0 23703
1 1 113 149 203 2008 50564
2 0 106 107 202 2004 24094
1 1 116 0 210 2008 50074
1 2 132 0 209 2008 51459
2 2 148 0 202 2005 52761
1 2 131 0 207 2006 24510
5 2 120 141 206 2005 50028
1 1 131 120 203 2009 24459
1 2 125 0 207 2009 2714
2 1 138 0 206 2003 24456
1 1 143 0 209 2008 24454
1 1 127 0 0 2008 25825
2 2 116 151 208 2005 0
1 1 122 116 205 2007 8590
1 1 148 0 209 2009 15989
2 1 122 0 204 2004 4866
1 1 131 133 209 2008 23741
2 1 149 127 210 2005 24659
1 2 141 0 209 2005 23989
1 1 112 108 203 2006 20478
5 2 115 132 206 2008 0
2 1 141 0 208 2004 50979
1 2 142 0 209 2006 52197
1 1 143 0 207 2009 24280
1 1 125 118 206 2007 50521
1 2 111 151 208 2008 50514
1 1 124 151 205 2007 24038
1 1 107 121 205 2006 0
2 2 142 0 210 2002 0
1 1 122 111 206 2008 52832
5 2 144 135 204 2003 4423
2 2 143 0 208 0 0
5 2 140 0 0 0 0
1 1 141 0 208 2007 23828
2 2 139 0 203 2005 50434
1 2 123 0 203 2006 11227
1 1 106 108 203 0 23105
1 0 0 0 0 0 0
1 1 123 149 209 2008 24410
1 2 142 0 205 2005 0
2 1 123 148 205 2003 23533
2 0 0 0 205 0 0
1 2 142 0 207 2006 0
2 1 142 120 0 2005 24634
1 1 0 0 209 2009 23649
2 1 150 0 0 2005 23570
1 1 121 109 205 2007 23994
1 2 125 0 208 2007 16383
1 2 128 127 205 2006 50094
1 2 127 0 206 2004 10289
1 1 149 123 206 2007 23918
2 2 113 149 206 2004 7694
1 2 137 0 202 2006 18558
1 2 120 149 208 2007 0
1 1 137 0 208 2009 24676
1 2 136 135 204 2006 11670
2 1 123 0 209 0 57015
1 2 142 0 207 2008 23361
1 1 145 142 204 2008 52555
1 1 120 151 203 2008 50066
1 1 131 0 210 2009 4573
1 1 0 0 204 2008 0
1 2 0 0 0 2005 0
1 2 149 122 208 2007 50810
2 2 131 123 205 2005 1965
1 2 136 120 205 2008 25070
1 1 139 0 203 2008 54591
2 2 142 126 202 2005 0
2 0 142 120 207 2003 21056
2 2 122 149 207 2005 3953
1 2 122 146 208 2007 10427
1 2 137 0 202 2006 25551
1 2 137 146 207 2007 1465
1 2 138 0 206 2008 55102
1 2 115 133 206 2009 970
1 2 136 136 205 2007 52197
2 1 122 0 204 2005 53252
1 1 125 0 202 2005 24094
2 2 120 118 0 2005 23994
1 1 138 0 208 2008 23487
1 1 123 0 207 2007 15987
1 1 145 120 210 2008 2608
1 1 106 116 205 2008 22246
1 1 108 112 209 2008 23848
1 2 138 136 207 2009 24038
1 2 115 116 204 2007 6618
2 1 114 111 208 2003 24026
1 2 141 0 205 2006 8644
2 2 120 151 208 2005 0
2 1 125 106 206 2004 51887
2 1 124 149 209 2005 0
1 0 120 149 210 2007 4690
2 2 141 123 209 2005 24054
1 2 132 0 205 2009 50637
1 1 112 116 209 2008 24694
1 1 121 151 202 2008 24005
2 1 106 119 206 2005 51416
1 2 148 0 207 2009 54000
1 2 123 118 208 2006 24568
1 2 125 0 203 2005 4657
1 1 123 151 209 2008 4416
1 2 0 0 207 2009 5523
5 2 109 0 0 0 0
1 0 112 0 202 0 7693
1 1 131 108 207 2007 52031
1 1 119 0 208 2006 51099
1 2 131 0 205 2006 23675
1 2 0 0 208 2008 24634
1 2 142 0 209 2008 24411
2 1 122 151 208 2005 0
1 1 113 0 208 2006 18233
5 2 133 0 0 2007 6435
1 2 138 0 203 2007 23383
1 2 138 0 210 2008 24795
1 2 113 123 210 2007 24658
2 1 123 0 209 2002 0
1 1 143 0 203 2006 4657
1 2 147 130 207 2009 16621
2 1 131 0 203 2004 50071
1 2 136 140 207 2008 16160
2 2 135 0 210 2004 0
3 2 149 113 202 2008 1569
1 2 137 0 210 2005 0
1 2 112 122 208 2008 50924
2 2 137 149 209 2005 24122
1 2 124 151 207 2006 50991
1 1 115 151 204 2007 24052
1 1 131 0 203 2008 24006
1 2 143 149 202 2008 50066
2 1 124 151 208 2003 23662
1 1 0 0 205 2008 17129
2 2 135 114 205 2005 12369
1 1 108 0 208 2006 23597
1 1 125 0 208 0 24292
2 1 142 120 205 2005 25085
1 2 143 0 210 2009 51211
1 1 123 108 206 2007 23713
1 0 108 111 202 0 24152
1 1 131 0 202 2008 24660
1 1 120 149 207 2006 4624
4 0 0 0 0 0 0
1 2 139 0 206 2006 23566
1 2 108 122 206 2007 50029
1 2 113 111 206 2006 23965
1 2 0 0 0 2006 24634
3 2 146 152 0 2010 0
1 1 120 149 204 2008 769
2 2 108 0 203 2005 24532
1 2 112 151 0 2007 17620
1 1 151 119 205 2008 9605
1 2 121 0 208 2007 24516
1 1 112 0 206 2007 4640
1 1 0 151 206 2008 24162
1 2 131 0 202 2008 24201
2 0 0 0 0 0 0
5 1 123 0 0 2008 232
1 2 131 0 206 2005 34
2 2 137 149 207 2005 20731
1 1 124 151 210 2008 24659
1 1 112 109 203 2009 53652
1 2 141 0 205 2008 23675
1 2 119 0 209 2007 0
1 2 131 122 207 2007 0
2 2 121 149 202 2004 0
1 2 127 0 0 2008 50473
1 1 138 131 210 2007 19141
2 2 138 139 203 2004 25793
1 1 127 0 202 2006 24654
2 2 141 0 209 2004 52555
1 2 0 0 203 2007 4501
1 1 131 123 0 0 0
1 1 125 118 203 2008 24411
1 1 124 120 204 2007 50066
1 2 132 0 202 2006 22974
1 2 142 0 210 2006 0
2 1 122 151 207 2005 24278
1 2 142 141 208 2007 8357
1 2 142 0 210 2006 23342
1 2 112 151 209 2009 18005
1 2 142 0 204 2006 24411
1 2 122 0 202 2009 25279
1 2 120 122 206 2008 250
1 1 0 0 203 2009 23968
1 1 124 108 206 2008 24005
1 2 143 0 209 2009 51624
1 2 141 0 204 2009 25723
1 2 136 142 205 2007 23765
2 1 120 109 0 2005 24657
2 2 127 0 0 2005 24638
1 2 135 0 205 2006 0
1 2 123 0 202 2009 21621
2 1 131 108 207 2005 50042
1 1 112 0 203 2007 52555
1 1 113 0 205 2007 24514
1 2 112 145 204 2007 50601
1 2 0 0 205 2009 25377
1 1 152 0 206 2006 0
1 1 0 0 203 2008 5005
1 2 141 132 0 2007 0
1 2 138 142 208 2008 24694
1 2 108 0 205 2008 7851
1 1 123 111 208 2006 51624
1 2 121 135 205 2008 17620
1 1 124 0 204 2007 23341
1 1 110 0 209 2007 50338
1 2 120 0 203 2006 23590
2 0 0 0 0 0 0
1 2 137 0 207 2009 24694
2 2 127 126 204 2003 4700
1 2 143 0 204 2009 23364
1 1 122 116 210 2006 1543
1 2 136 131 203 2008 24422
1 2 108 107 204 2007 23997
1 2 143 0 209 2009 50564
1 1 106 111 202 2009 50029
1 2 146 152 210 2008 17537
2 1 111 0 204 2004 24190
2 2 0 0 0 2005 24037
2 2 122 149 207 2005 24025
1 2 143 0 210 2009 19445
1 2 132 0 209 2009 16141
1 1 0 0 207 2007 50995
1 1 124 0 203 2008 23590
1 2 0 0 206 2006 12141
2 2 112 0 203 2004 15903
2 1 123 0 206 2004 24657
1 1 114 119 204 2009 57451
1 2 146 112 205 2007 23868
1 1 0 113 0 0 24384
2 1 118 111 206 2004 23994
1 2 142 0 205 2006 24264
1 2 140 0 210 2008 52555
1 2 131 0 204 2007 16574
1 1 139 0 204 2009 54923
1 1 131 0 210 2007 23773
1 2 131 0 205 2007 16161
1 2 0 0 205 0 23621
1 1 131 0 204 2008 23965
1 1 127 0 207 2009 10289
1 1 108 123 207 0 24474
1 2 125 0 209 2006 23618
1 2 131 0 204 2007 50601
1 1 136 0 204 2008 0
1 2 121 0 206 2006 18555
1 1 127 0 203 2006 50598
1 1 131 0 208 2006 24516
1 2 138 0 203 2007 15664
2 2 141 112 206 2004 24703
2 1 122 109 208 2005 23618
1 2 137 0 207 2008 52555
1 1 143 107 204 2009 23620
1 1 120 149 203 2006 23533
1 2 121 149 204 2006 52941
2 2 131 0 206 2001 0
1 0 0 0 0 0 0
2 1 131 0 203 2005 24026
1 2 138 149 204 2009 24005
5 2 148 123 0 0 52555
2 1 123 108 202 2005 24657
1 1 120 0 205 2005 4573
1 1 127 0 209 2009 4050
2 1 124 149 209 2005 54141
1 1 127 0 204 2009 50863
1 1 111 109 210 2006 24020
1 1 0 0 204 2007 23158
1 1 137 143 207 2006 23956
1 1 124 149 208 2009 51022
1 2 137 0 206 2007 24033
1 2 113 120 209 2007 9324
2 2 142 0 210 2002 24657
1 1 123 152 204 2008 12392
1 1 121 151 202 2007 2443
2 1 123 0 202 2004 24291
1 1 139 0 206 2008 24033
2 1 106 109 0 2005 50072
1 2 0 0 209 2009 50045
1 1 139 0 209 0 23965
1 2 108 0 209 2007 24020
1 1 0 0 208 2009 24539
1 1 125 0 205 2008 1800
1 1 112 109 206 2007 21374
1 1 120 122 205 2007 50604
1 1 127 0 208 2009 9321
1 2 0 0 0 0 0
1 2 131 0 210 2008 23364
2 0 0 0 0 0 0
1 2 142 0 206 2008 50152
2 1 134 0 206 2005 50029
1 1 131 144 210 2007 0
1 0 123 118 203 2006 0
1 1 108 0 209 2007 52096
1 1 125 0 207 2008 51383
2 2 125 118 208 2004 24272
1 1 115 0 206 2008 19885
2 2 122 0 208 2005 10832
5 2 127 0 0 2006 5148
2 1 0 0 209 2004 50018
2 1 122 0 210 2005 9076
1 1 136 0 206 2007 24013
1 1 143 0 207 2007 23425
2 2 122 112 209 2005 50410
2 1 138 122 202 2005 23342
1 1 108 111 209 2006 50241
1 2 120 152 208 2007 0
1 2 120 149 202 2009 23967
1 2 131 0 202 2009 24532
1 2 143 122 207 0 0
1 2 122 131 207 2009 23965
1 1 131 114 203 2009 52262
1 1 123 0 202 2008 0
2 2 121 0 205 2004 24201
1 1 125 0 209 2005 0
1 1 133 112 203 2009 17053
1 2 137 0 206 2009 52547
1 2 127 0 207 2008 23533
2 2 131 0 205 2004 3697
1 2 142 0 202 2007 24041
1 0 0 0 0 0 0
1 2 138 0 204 2006 0
1 0 0 0 0 0 20823
1 1 118 0 206 2007 17079
1 2 135 116 205 2007 7130
1 1 131 0 206 2008 23675
1 1 142 0 208 2007 50819
1 2 120 149 208 2006 15803
1 2 143 0 203 2007 59005
1 2 137 0 205 2006 3191
1 1 137 0 210 2008 6895
2 0 131 0 203 2006 19776
2 0 0 0 0 0 0
1 1 131 0 208 2008 1885
1 2 140 135 210 2008 15903
1 1 125 108 209 2006 50096
1 1 116 123 206 2007 24568
1 1 120 149 206 2006 13260
1 1 125 106 208 2006 3007
1 2 132 0 209 2006 50373
1 2 131 0 202 2009 15989
1 2 131 123 209 2007 24532
1 1 127 112 210 2006 0
1 1 124 123 202 2008 23989
1 1 118 0 210 2006 50764
1 2 120 0 203 2008 55586
1 2 122 0 209 2009 3858
1 1 0 0 206 2009 50542
2 2 124 0 202 2004 24274
2 1 119 0 0 2005 3899
1 1 131 148 204 2007 23330
1 1 123 0 207 2007 24512
1 2 138 122 210 2009 3327
2 1 122 123 208 2005 24384
1 2 116 115 205 2006 24264
2 2 118 149 205 2002 23698
1 2 113 151 206 2008 9884
1 1 0 0 205 2008 2823
1 1 139 111 207 2009 24264
1 1 131 123 207 2008 25070
1 2 143 0 204 2007 0
1 2 122 0 209 2005 23105
1 2 115 0 207 0 23640
1 2 143 142 209 2008 50279
5 0 0 0 0 0 0
2 1 113 0 209 2004 0
1 2 112 122 207 2009 4686
1 2 143 0 204 2007 0
4 2 0 0 0 0 24013
1 2 113 0 0 2005 3941
1 0 0 0 0 0 0
2 1 137 0 204 2004 24543
1 1 119 0 202 2009 53084
1 1 143 0 208 2008 25459
2 2 131 0 205 2003 19153
1 2 132 136 205 2005 0
2 2 141 0 208 0 4568
1 2 137 0 210 2006 1617
1 2 139 0 206 2007 24421
1 2 142 0 203 2009 20495
1 0 0 0 0 0 0
2 2 112 120 0 2005 23692
1 1 123 0 207 2008 50775
2 2 122 0 204 2005 0
2 2 0 0 209 2001 0
1 2 127 0 208 2008 5002
1 1 133 123 204 2006 23330
1 1 127 149 204 2009 25539
2 2 143 0 205 2005 50011
1 2 142 0 206 2006 5221
2 1 141 0 205 2000 51624
1 1 131 0 210 2008 0
5 0 0 0 0 0 0
1 2 138 122 205 2009 23733
1 2 113 0 207 2007 24162
1 1 131 0 205 2008 0
2 1 131 110 207 2004 4786
2 0 124 111 0 2005 24024
1 2 112 0 208 2006 50166
1 1 138 0 207 0 330
1 1 113 151 205 2007 50374
1 2 131 0 203 2008 24723
1 1 112 108 209 2007 24027
1 1 131 108 0 2009 0
1 1 139 151 206 2008 9077
1 1 112 146 0 2008 52555
1 2 131 0 203 2009 25611
2 1 120 0 202 2004 50564
1 1 120 122 208 2009 25280
1 1 143 0 208 0 24729
1 1 121 151 202 2008 24024
1 2 139 123 206 2009 4384
2 1 113 119 208 2005 51165
2 2 122 110 202 2003 23561
2 1 127 0 208 2004 24869
2 1 123 149 203 2005 24532
2 1 108 135 206 1996 51887
1 1 121 0 206 2009 50138
1 2 120 122 206 2008 19357
1 2 119 0 207 2006 4342
1 2 127 0 205 2008 25794
2 2 108 0 210 2005 50112
1 2 123 0 208 2006 50822
1 1 122 149 202 2008 24119
1 1 148 112 207 2009 24657
1 2 120 0 204 2007 8762
1 1 149 120 204 2008 23450
2 1 127 0 206 2005 20557
1 2 143 123 210 2009 4349
1 0 0 0 0 0 0
1 2 143 0 208 2006 20663
1 1 112 108 0 2008 23538
1 2 108 0 207 2009 330
2 2 112 122 206 2004 51624
2 2 127 0 208 2003 23105
1 1 106 0 203 2007 23994
5 0 0 0 0 0 0
2 2 114 108 0 2005 0
1 1 106 115 202 2008 22313
1 2 142 0 205 2007 17344
1 2 142 149 208 2006 24659
2 2 139 0 203 2004 20627
4 2 146 123 206 2005 8617
2 1 131 123 202 2005 52555
1 1 124 0 206 2008 17934
1 1 123 124 210 0 4416
2 2 152 146 207 2004 50381
1 1 133 0 209 2006 0
1 1 131 122 203 2009 6154
1 1 138 137 206 2008 23342
1 2 127 0 209 2006 52555
1 2 141 0 203 2009 24703
1 1 121 0 202 2006 51241
1 1 108 146 210 2008 50764
1 2 114 0 206 2008 23935
2 2 120 0 204 2005 24694
1 1 131 0 210 2009 2374
1 1 123 111 209 2008 0
1 1 112 152 205 2008 0
1 1 127 0 205 2008 19095
1 1 0 0 208 2009 23675
1 1 143 0 0 2006 0
2 2 141 123 206 0 51387
1 2 0 0 203 2009 9023
4 0 0 0 0 0 0
1 2 127 120 205 2009 9580
1 1 138 0 210 2009 20884
2 2 113 112 209 2005 24027
1 1 118 0 207 2005 24122
1 1 127 0 204 2008 0
1 0 125 0 210 2007 24583
2 2 108 116 202 2005 8337
1 1 108 117 0 2008 0
1 0 0 0 0 0 0
1 1 139 0 209 2008 24038
2 1 131 0 204 0 16668
2 2 149 118 204 2004 24750
1 2 120 0 210 2007 8762
1 1 0 0 208 2009 58523
1 2 137 0 205 2009 5482
2 1 118 0 206 2005 3202
1 2 142 0 205 2008 11270
1 2 131 137 203 2009 24532
1 2 0 0 204 2008 0
1 1 137 0 206 2007 10119
1 2 136 0 205 2009 52410
1 1 127 118 207 2008 0
1 2 141 135 208 2005 23548
1 2 125 0 202 2008 24657
2 1 122 0 205 2004 9634
1 1 143 0 204 2007 24292
2 1 108 0 209 0 15803
2 1 135 0 206 2005 24640
1 2 142 149 206 2008 52555
2 2 147 135 208 2005 0
1 1 112 131 206 2008 50240
1 2 137 0 202 2008 9603
1 2 119 0 204 2006 3202
1 2 122 120 210 2008 24122
1 1 137 0 204 0 8542
1 2 137 0 209 2006 26395
2 0 0 0 0 0 0
1 1 108 0 202 2007 23308
1 1 131 0 205 2007 8366
2 1 124 152 208 2005 24013
1 1 131 0 205 2009 0
1 1 123 122 204 2008 3575
1 2 138 120 205 2008 9763
1 2 137 0 209 2009 23105
1 1 131 0 205 2009 24659
1 2 122 113 204 2006 52555
1 1 108 0 206 2006 0
1 0 133 0 203 2005 23740
2 2 112 111 209 2004 24152
1 2 127 0 0 2007 0
1 2 135 0 208 2009 50374
2 2 120 122 210 2005 50018
1 0 0 0 0 0 0
1 1 113 123 209 2006 4538
1 2 141 0 208 2009 50924
1 1 108 112 207 2008 24026
1 2 136 0 0 2007 0
5 2 131 0 0 2008 23954
1 1 124 113 205 2009 15659
2 2 0 0 0 0 0
2 2 116 0 204 2003 24190
2 1 142 0 208 0 0
1 1 112 0 207 2008 50913
1 2 0 0 210 2009 50737
1 1 112 108 204 2009 16445
1 2 120 0 207 2006 23748
5 0 0 0 0 0 0
1 1 133 0 209 2008 52555
1 1 127 0 206 2008 25794
1 1 111 0 203 2009 51223
1 2 136 135 209 2008 52059
2 2 123 0 0 2005 24029
1 1 112 0 210 2007 26747
1 1 133 107 204 2009 23341
2 1 148 111 209 2004 11099
1 1 143 0 204 2007 10376
1 2 150 106 0 2007 0
2 2 148 0 202 2004 0
2 1 0 0 204 2005 24423
1 1 127 108 207 2009 23341
1 1 138 132 208 2009 53716
1 2 112 146 206 2008 23342
1 0 0 0 0 0 0
2 1 122 108 205 2005 0
1 2 142 0 210 2009 9108
1 1 114 151 206 2008 23322
1 0 138 0 202 2006 24048
2 1 125 151 210 2004 24514
1 1 136 122 209 2009 629
1 1 106 0 202 2008 50025
1 1 106 109 209 2006 15953
3 0 0 0 0 0 0
1 2 137 0 209 2006 24410
1 1 120 149 208 2008 24658
1 2 123 0 203 2009 50777
3 2 112 122 0 1900 0
3 0 0 0 0 0 0
1 1 127 141 202 2007 52555
1 2 137 0 207 2006 6399
1 1 0 0 210 2007 24009
1 2 131 0 203 2007 24532
1 1 132 0 203 2009 51100
2 1 108 0 206 2005 3389
1 2 142 0 203 2006 53359
1 1 132 0 209 2006 12055
1 1 0 0 208 2007 16141
5 2 127 0 0 2006 12896
1 0 0 0 0 0 0
1 2 136 135 210 2007 23322
1 1 0 0 207 0 54566
1 2 121 0 202 2006 1389
2 1 108 136 208 2004 24660
1 1 119 111 202 2007 24155
1 2 0 0 208 2008 23334
2 1 137 149 207 2005 23675
2 2 131 0 204 2005 24119
1 2 143 141 203 2009 17620
1 1 108 0 203 2006 0
1 1 122 151 206 2008 50073
2 1 122 0 208 2004 7851
1 2 137 0 208 2008 23885
2 2 132 140 210 2003 23168
1 0 122 146 203 2006 55089
5 1 109 152 0 2007 0
1 1 122 116 207 2005 50215
2 1 152 124 204 2005 8474
2 0 0 0 0 0 0
1 1 121 144 204 2008 23995
1 1 123 151 202 2007 4686
1 0 125 0 207 2005 50223
1 2 137 135 209 2008 50514
1 2 108 113 205 2006 24237
1 2 120 140 202 2009 0
1 2 120 149 206 2009 23968
2 2 142 0 209 2001 24713
2 1 139 0 206 2005 819
2 2 115 0 209 2005 23323
1 1 148 0 206 2009 3754
1 1 123 0 206 2008 24384
2 2 127 0 203 2005 23728
1 1 131 108 202 2008 50951
1 1 127 0 210 2009 1963
1 2 112 0 204 2006 24568
1 1 127 0 209 2008 26446
1 1 146 122 206 2008 22551
2 2 142 120 210 2004 1594
2 2 120 141 206 2002 52555
2 2 142 0 206 2004 8391
2 2 122 0 202 2005 8230
1 2 122 149 206 2006 3212
1 1 113 0 205 2009 24633
5 1 136 0 0 0 50172
1 1 119 0 210 2007 23968
1 1 131 0 204 2007 52555
1 1 131 120 209 2009 50929
1 2 149 113 202 2008 23967
2 2 113 0 210 2004 23698
1 2 142 149 206 0 23457
1 1 138 0 205 2008 23383
1 1 122 151 210 2007 25758
1 2 120 149 208 2006 24798
1 2 142 0 203 2009 11010
1 1 108 0 202 2005 23383
1 1 123 0 205 2006 24543
4 2 0 0 0 0 11983
1 1 122 0 207 2007 21280
1 2 0 0 209 2006 0
1 1 141 0 210 2006 4560
2 1 113 0 202 2003 0
1 1 120 108 209 2008 23965
1 2 142 143 206 2009 3755
2 2 136 0 202 2005 0
3 2 122 110 202 0 23548
2 1 131 0 209 2004 23995
1 2 143 120 210 2009 50011
2 1 131 0 208 2004 23842
1 2 120 149 0 2005 23393
2 2 120 149 205 0 0
2 1 0 0 209 2004 54923
1 1 0 0 209 2008 24026
1 2 132 0 209 2006 0
2 1 141 0 204 1996 53565
1 1 111 0 206 2006 50029
2 2 137 0 207 2003 25869
1 1 137 123 209 2009 24005
1 2 148 108 204 2009 54923
1 1 143 111 207 2008 18696
1 2 122 120 206 2008 51412
2 2 141 0 207 2004 24110
1 2 137 0 210 2008 20239
1 1 148 0 207 2009 1913
2 2 120 149 202 2005 53805
1 1 133 119 206 2009 20239
1 1 131 123 210 2007 23309
1 2 122 151 205 2007 2599
1 2 107 0 207 2008 24495
2 1 112 117 0 2005 50029
1 2 138 0 210 2009 0
1 2 138 0 208 2008 53252
1 2 142 149 202 2007 50231
1 1 122 0 204 2005 50821
1 2 137 0 208 2009 1764
1 1 127 0 207 2008 1942
1 2 134 132 203 2008 24723
1 1 109 0 202 2006 57373
1 1 123 0 205 2006 24694
1 2 0 0 203 0 23393
1 2 136 135 208 2009 51990
1 2 121 0 209 2006 18559
2 2 142 0 209 2001 0
1 2 122 0 202 2009 25279
1 1 0 0 205 2008 22774
1 2 137 0 202 2008 8542
5 2 114 0 0 2007 23803
1 2 121 149 202 2008 23967
1 1 108 120 208 2005 16104
1 1 127 0 205 2008 50383
2 2 131 120 208 2005 25899
1 1 108 0 203 2009 23995
1 2 136 135 203 2008 50523
1 0 0 0 0 0 0
2 2 124 0 204 2005 50029
1 1 122 124 204 2009 24395
1 2 124 112 205 2006 50074
1 2 127 0 207 2009 25541
1 2 149 113 207 2008 11631
2 2 138 0 210 2004 23323
2 2 0 123 207 2004 50673
1 2 0 0 208 0 24798
1 2 141 0 206 2007 16613
1 2 149 0 208 2006 0
1 2 142 0 203 2005 0
1 2 142 0 206 2007 50108
1 2 131 0 206 2006 17636
1 2 148 123 210 2005 24013
1 2 131 0 208 2008 23105
1 1 137 0 207 2008 16389
1 2 113 149 202 2009 50564
2 2 147 132 204 2001 0
1 2 112 151 208 2006 24657
1 0 0 0 0 0 0
2 1 122 110 0 2005 2422
1 0 0 0 0 0 0
2 2 108 0 210 2005 23994
2 1 123 0 202 2005 9618
1 2 120 113 207 2008 23621
1 1 122 109 210 2006 11114
1 0 124 0 209 2007 23364
1 1 122 123 204 2009 23535
1 1 118 149 210 2005 50378
2 1 123 111 203 2002 50514
2 2 131 0 204 0 24094
1 2 135 0 202 2007 23253
1 1 108 152 205 2007 24658
1 2 142 0 209 2008 23429
1 2 122 151 209 2008 52555
1 2 132 122 0 2008 23425
1 1 131 108 210 2007 5221
1 1 0 0 203 2008 24547
1 1 131 0 208 2007 0
1 2 141 0 208 2006 12264
1 2 131 123 204 0 1764
1 1 131 111 209 2008 23620
5 2 137 127 0 0 50514
1 2 152 127 0 2006 0
2 2 142 0 206 2005 54628
1 2 113 0 208 2007 20478
1 1 0 0 204 2008 50515
5 0 0 0 0 0 0
2 0 0 0 0 0 0
1 0 115 0 203 0 0
1 1 131 0 210 2006 0
1 1 0 0 203 2007 0
2 2 128 130 210 2005 4687
1 1 148 115 207 2006 23254
1 1 131 0 209 2006 23970
1 1 123 0 208 2006 25819
1 2 122 120 204 2008 15903
2 1 131 0 206 2005 50138
1 2 143 0 206 2006 51174
1 1 108 0 209 2008 24694
1 2 137 0 209 2009 23733
5 0 0 0 0 0 0
1 2 113 151 202 2006 55100
1 1 127 0 204 2008 10289
1 1 131 0 210 2009 12393
2 1 123 119 203 2005 24798
1 2 131 0 210 2006 23679
1 1 139 110 205 2005 16530
1 2 152 0 209 2007 50586
1 2 120 149 0 2008 24027
1 2 121 122 202 2009 24253
1 2 127 122 206 2007 9831
1 1 119 0 206 2006 23911
1 2 149 122 209 2008 6179
1 2 148 120 208 2007 23341
1 2 0 0 209 2007 24037
1 1 137 0 209 0 4134
2 1 0 0 0 2005 1965
1 2 122 113 208 2006 20380
1 1 123 118 207 2008 23612
1 0 0 0 0 0 0
1 2 138 122 208 2009 6169
2 2 143 115 0 2002 50069
1 2 132 147 203 2007 8576
1 2 0 0 202 2008 23334
1 2 125 0 209 2008 50148
2 2 115 112 204 2004 9077
1 2 143 0 204 2009 16621
1 1 136 0 206 0 50029
1 0 0 0 0 0 9077
1 1 127 0 210 2008 10289
1 1 122 117 209 2006 53084
1 2 120 149 203 2005 0
1 2 135 123 203 2009 50951
2 1 137 0 204 2004 0
1 2 118 0 202 2005 23535
1 1 127 0 208 2007 20733
1 1 143 0 209 2009 0
2 2 138 0 204 0 5000
1 2 136 135 207 2009 25090
1 2 136 120 204 2008 3273
1 1 139 151 204 2008 6658
1 1 131 0 210 2007 52555
1 1 137 149 204 2009 4349
1 1 131 0 202 2009 20183
1 2 142 140 206 2007 24094
1 1 108 123 0 2007 16251
1 1 124 118 202 0 24037
2 1 139 0 210 2005 24264
5 1 111 0 0 2006 23969
1 1 106 118 210 2008 52044
1 0 0 0 0 0 0
2 0 0 0 0 0 0
1 1 119 148 205 2009 24639
1 0 0 0 0 0 0
1 1 131 0 203 2008 23273
2 1 108 0 206 2000 23965
1 1 112 0 210 2007 9292
2 2 136 135 205 2004 0
2 0 0 0 0 2005 24657
2 1 146 151 202 2003 24119
1 1 125 106 208 2005 0
1 2 112 146 205 2006 8035
2 1 108 149 209 2004 50029
1 1 141 0 208 2006 23335
1 1 124 0 204 2006 5868
1 2 113 135 204 2009 11656
1 1 111 117 207 2006 23748
1 2 139 0 210 2006 0
1 0 136 142 0 2007 0
2 1 131 123 204 2005 50498
2 2 139 120 203 2005 24030
1 2 148 111 207 2008 50029
1 2 120 111 210 2008 3284
1 1 145 0 207 0 0
1 1 131 0 209 2006 3202
2 1 139 0 208 2004 23620
1 2 128 148 202 2007 50764
1 2 141 142 208 2009 23675
2 1 112 0 203 2004 16727
2 1 123 0 205 2004 8370
1 1 115 0 207 2007 24532
1 1 131 148 203 2008 55100
1 2 122 120 205 2007 50514
1 1 120 122 206 2007 0
1 2 142 0 206 2006 23994
2 1 142 111 207 2004 51571
1 2 122 120 208 2007 23956
2 1 127 0 210 0 0
1 2 124 0 208 2005 3910
1 1 143 0 203 2009 23485
4 2 0 0 0 0 26402
1 2 116 0 210 2008 6295
1 1 131 123 204 2006 23613
2 1 127 0 210 2003 4826
1 2 112 122 207 2008 50015
2 1 112 151 209 2001 0
1 1 133 0 204 2006 9339
2 2 135 0 206 2005 50108
1 0 0 0 0 0 50423
1 0 124 123 208 2007 51156
2 1 112 0 204 2001 52555
1 1 139 151 209 2009 5477
1 2 125 0 202 2009 133
2 2 124 0 204 2005 24035
1 2 108 0 202 2007 0
1 1 120 0 210 2007 50775
1 2 142 120 203 2005 24048
2 1 120 0 206 2004 19127
1 2 142 0 202 2009 50231
1 1 135 0 202 2009 24632
1 1 135 123 207 2009 52589
1 1 127 116 207 2009 2716
2 2 135 123 208 2005 8340
1 2 132 120 203 0 25156
1 2 140 0 210 2008 50231
1 2 121 135 209 2006 23271
1 1 137 0 205 2009 16383
1 1 123 0 206 2009 24093
1 1 142 0 209 0 18559
1 2 148 116 202 2007 25278
1 2 135 0 210 2005 0
2 2 131 146 0 2005 0
1 2 122 120 210 2006 23494
1 1 131 0 204 2009 24657
1 2 136 141 207 2009 0
1 1 123 0 208 2007 11893
1 2 139 0 207 2008 52831
5 2 142 120 204 2006 23735
2 2 0 0 0 2004 50666
1 0 0 0 0 0 0
1 1 136 115 205 2008 52197
1 2 131 0 207 2009 53716
2 0 0 0 0 0 0
2 2 120 149 0 2005 24395
1 2 115 135 206 2006 50598
1 1 131 146 210 2007 11650
1 2 143 0 204 2006 24029
2 2 141 0 205 2004 50916
1 2 112 145 209 2007 24094
1 1 131 109 210 2007 23973
1 1 131 108 203 2009 50951
1 2 148 0 210 2007 24512
5 1 0 0 210 0 0
1 1 112 108 207 2007 9105
1 1 108 0 204 0 50550
1 1 124 0 0 2006 24568
2 0 0 0 0 0 10216
2 2 120 116 209 2004 24029
1 2 131 152 204 2008 23919
1 2 143 0 208 2008 24005
2 1 122 0 204 2005 52555
2 0 124 0 0 2005 51093
2 1 131 108 204 2005 8737
5 0 0 0 0 0 0
2 2 143 0 210 2005 16282
1 1 123 0 210 2007 50894
2 2 108 122 208 2004 17129
1 2 148 0 204 0 0
1 1 127 106 207 2006 804
2 2 141 0 205 2005 23269
1 2 112 146 205 2008 24750
3 2 0 0 0 0 0
1 2 122 131 205 2007 52555
5 2 0 0 206 2006 23995
1 2 137 131 205 2009 8357
1 1 134 109 204 2006 50031
1 1 112 0 210 2006 50091
1 2 138 0 202 2009 51241
2 2 112 122 206 2005 9077
2 1 106 0 209 2005 0
1 2 143 0 207 2009 24029
1 2 137 118 207 2007 24005
1 2 137 0 202 2008 1913
1 1 0 0 203 2009 16043
1 1 108 0 210 2009 295
1 0 106 0 204 2006 0
1 1 140 0 206 2009 24035
2 1 114 0 210 2005 50465
1 2 115 120 203 2009 4119
2 1 122 0 205 2005 23566
1 1 112 108 205 2008 23271
1 2 108 127 210 2006 0
2 2 125 106 208 2004 0
1 1 115 0 209 2007 24024
2 0 0 0 0 0 22870
2 1 131 133 208 2005 3754
1 2 123 111 207 2009 24638
1 2 0 0 203 2008 0
1 2 0 0 206 0 0
1 2 139 0 202 2006 18559
1 2 131 135 202 2007 50112
1 2 131 113 208 2009 0
2 1 123 0 207 2005 23894
1 2 141 135 202 2009 51518
2 1 121 149 206 2003 24657
1 2 141 109 208 2006 50514
2 1 133 131 206 2005 23487
2 2 113 149 206 2003 24696
1 1 127 122 205 2009 19048
2 1 111 0 204 2003 24516
1 2 142 0 209 2007 24688
1 2 113 122 209 2008 2800
2 1 127 0 206 2003 21142
1 1 125 0 209 2008 23415
1 1 121 0 208 2006 1606
1 1 131 0 202 2007 23989
2 2 141 118 207 2004 7008
1 1 115 152 208 2006 23303
1 2 108 151 205 0 4284
1 1 125 0 208 0 2248
1 2 113 0 209 2008 23965
2 2 132 0 206 2004 16530
1 1 0 0 205 2009 0
2 1 138 0 208 2004 51774
1 2 136 135 204 2009 24638
5 2 139 0 0 0 0
1 1 131 0 207 2008 23712
1 1 125 0 204 2009 23989
2 2 115 122 0 2005 23726
2 1 131 0 203 2004 0
1 2 113 146 204 2006 24384
2 1 120 0 0 2004 0
1 2 141 0 202 2007 0
1 1 116 0 204 2006 20239
1 1 148 122 202 2006 23271
1 1 137 0 207 2009 24768
1 1 142 0 208 2006 5211
1 1 119 113 204 2008 24531
1 1 124 151 205 2008 15836
1 1 131 124 204 2009 1596
2 0 0 0 0 0 0
1 2 122 108 210 2007 3683
1 1 0 0 205 2009 6221
2 2 122 0 204 0 0
1 1 131 123 210 2009 2788
1 2 136 135 210 2009 24122
2 1 119 0 0 0 1963
5 1 144 0 0 0 23851
1 1 132 0 205 2006 50547
1 2 138 137 207 2009 3384
1 2 136 141 208 2006 50095
1 1 123 0 209 2007 23994
1 2 141 0 208 2008 25487
1 1 111 151 203 2006 52197
1 1 143 108 210 2007 6237
2 0 0 0 0 0 23376
1 2 125 106 210 2007 10216
5 2 122 0 0 0 0
1 1 123 115 206 2008 24493
2 1 110 0 207 2003 24210
1 1 108 109 0 2008 23990
2 2 0 0 0 2004 16385
1 2 138 0 210 2009 20487
2 2 0 0 210 2005 0
1 1 122 112 203 2007 24009
2 2 125 118 206 2002 9077
1 1 132 0 206 2007 25962
1 2 125 106 203 2006 54586
1 2 0 0 202 2009 4119
1 1 122 152 207 2006 10186
2 2 108 0 0 2005 499
1 2 107 0 203 2006 24052
1 1 125 0 203 2007 50572
1 2 142 141 210 2006 23348
1 1 0 0 205 2009 4570
1 1 123 152 203 2006 50022
5 2 137 149 205 2004 24292
1 2 134 0 202 2007 594
1 1 108 0 202 2008 24026
2 2 137 0 206 2005 5477
1 2 108 122 204 2006 50310
1 2 141 0 205 2009 50294
1 2 149 113 202 2009 50514
1 1 132 0 205 2006 2135
2 1 133 139 208 2005 51887
1 1 120 115 202 2008 23989
1 1 115 122 209 2007 781
1 2 124 151 204 2004 0
1 1 108 109 207 2008 50134
2 2 120 149 205 2005 24005
1 2 118 106 207 2006 23828
1 2 142 0 206 2006 24768
5 2 0 0 0 2005 24005
1 1 142 0 208 2007 24657
1 1 0 0 204 2007 24654
1 1 120 149 207 2009 23535
1 2 131 0 209 2009 0
1 2 142 0 207 2006 3246
5 2 135 0 207 2003 24264
2 2 122 0 210 2003 24422
5 2 124 120 210 0 24292
2 2 138 109 205 2005 50173
1 1 148 0 210 2008 12124
1 1 143 0 210 2008 50514
2 2 152 0 0 0 0
2 2 120 0 204 2004 5896
1 1 124 0 210 2009 10832
1 2 131 136 208 2005 54074
1 2 120 111 207 2007 6100
1 0 0 0 0 0 0
1 1 125 0 206 2008 4262
1 1 133 0 206 2008 24026
1 1 122 0 210 2006 24384
2 1 137 0 203 2004 6278
1 2 121 125 0 2006 23618
2 1 152 0 202 0 24512
1 2 112 0 206 2006 3384
2 2 123 0 208 2005 23487
1 2 121 0 203 2006 23075
1 1 131 123 209 2006 23765
1 2 142 0 203 2007 50586
1 2 0 0 202 2007 24411
1 2 0 0 209 2007 8644
1 1 119 0 206 2009 54085
2 2 143 0 205 2005 1747
1 1 141 0 208 2007 15807
1 2 0 0 0 0 50025
1 1 131 123 207 2009 18003
1 2 143 0 205 2006 24411
1 1 111 0 202 2009 23341
2 1 0 0 0 2005 22827
1 2 138 141 205 2008 24029
2 1 141 0 202 2004 23968
1 2 135 132 203 2009 23675
2 2 122 110 209 2001 11206
2 2 138 116 209 2005 23810
1 2 143 149 207 2008 3749
1 2 0 0 205 2009 819
2 2 132 0 206 2004 24742
1 1 123 0 206 2007 0
1 1 131 0 209 2005 0
1 1 137 0 208 2008 24135
1 1 0 0 210 2009 22552
1 1 131 0 209 2006 50003
2 1 139 0 204 2005 5078
2 2 122 0 205 2004 0
1 2 123 148 202 2006 24248
2 1 108 111 203 2004 24462
1 2 140 135 204 2007 24657
1 1 0 0 202 0 25179
1 1 125 118 210 2005 23323
2 2 113 120 205 2005 24122
1 1 135 146 204 2009 0
1 2 122 120 205 2008 9588
2 2 141 108 209 2001 25278
1 1 122 0 204 2007 24292
1 1 125 0 209 2009 24512
1 2 115 0 210 2006 0
1 1 109 136 205 2008 24703
2 1 138 0 206 2005 50112
1 2 127 0 0 2005 24013
2 2 138 0 205 2004 53202
1 2 120 149 208 0 2811
1 2 108 0 205 2006 0
1 2 138 0 210 2007 3322
1 1 137 140 204 2008 8357
2 2 145 117 204 1904 16742
2 2 120 0 206 2005 50261
1 1 125 0 202 2006 22935
2 2 131 0 205 2004 24005
1 0 0 0 0 0 0
1 2 142 0 202 2008 23341
1 2 123 0 202 2007 23713
1 2 125 0 202 2009 23460
1 1 112 0 209 2007 24754
2 2 142 0 203 2002 0
1 2 131 0 202 2007 19785
1 1 133 0 202 2006 499
1 1 137 116 203 2008 55789
1 1 111 149 208 2007 23967
1 2 124 122 207 2006 4786
1 2 136 107 206 2006 50985
2 2 113 0 0 2004 23994
1 1 125 0 207 2009 50525
1 2 142 0 210 2006 24634
1 2 137 0 203 2006 24657
1 2 120 149 208 2009 0
1 1 127 108 203 2008 50340
1 2 112 152 208 2007 9321
2 1 122 113 207 2004 23287
1 2 138 0 206 2006 10608
1 1 113 0 206 2006 4976
1 1 113 111 202 2006 24020
1 0 0 0 209 2006 0
1 2 118 0 209 2007 51714
2 1 141 0 203 0 24654
1 2 122 111 209 2006 50029
1 1 144 140 208 2008 23967
1 2 108 115 204 2009 24520
1 2 131 0 208 2007 51849
1 1 138 0 205 2009 50123
1 1 125 0 210 2009 50371
2 2 141 123 206 2003 26428
2 1 108 0 210 2004 4063
2 1 133 0 204 2005 0
1 2 126 127 210 2008 0
1 1 131 115 210 2009 3571
1 0 0 0 0 0 0
1 1 141 111 206 2008 3202
1 0 131 0 207 2008 8737
5 2 131 0 0 0 0
1 2 131 151 207 2009 19606
2 2 112 0 202 2004 24230
2 2 142 152 202 2001 7851
2 2 0 0 209 2003 0
1 2 121 0 204 2006 0
1 1 123 0 203 2006 24658
1 1 118 0 208 2009 24038
2 0 0 0 0 0 0
1 0 115 121 209 2008 24657
1 2 123 0 210 2006 6139
1 1 131 120 206 2008 23342
1 2 135 0 205 2009 24579
1 1 127 0 203 2008 4977
1 2 112 0 210 2008 23342
1 2 113 0 0 2007 24384
1 2 148 0 204 2008 50830
1 2 128 151 0 0 0
2 2 142 0 210 2003 0
1 2 0 0 209 2007 0
1 1 148 0 205 2006 4423
1 2 137 138 204 2009 4687
1 2 141 0 202 2006 50029
2 2 120 0 210 2004 6610
1 2 120 122 205 2008 50035
2 2 143 0 207 2003 22843
1 1 120 111 206 2008 24005
1 1 124 148 206 2008 0
1 2 148 0 208 2008 52761
1 0 0 0 0 0 0
1 2 120 0 0 2006 0
5 0 0 0 0 0 0
1 2 116 146 209 2009 2734
2 1 112 151 209 2005 5292
2 2 135 0 202 2005 51624
1 2 136 112 206 2007 11532
1 1 131 0 205 2008 50172
1 2 138 0 204 2008 24694
1 2 131 0 204 2006 50775
2 2 143 149 209 2005 23965
1 2 143 120 210 2007 51334
1 1 149 113 0 2009 4279
1 2 127 0 210 2006 9077
1 2 138 0 205 2007 23765
1 2 112 0 208 2007 7654
1 1 149 122 208 2009 19562
1 2 135 114 208 0 0
1 1 148 123 210 2008 24694
2 1 124 0 202 2005 24639
1 2 120 0 204 2005 0
1 1 136 0 205 2009 5071
2 2 120 0 209 2005 24660
1 1 131 111 203 2008 23376
1 2 136 135 204 2009 23533
2 2 113 0 0 2005 24395
1 0 0 0 0 0 0
1 2 0 0 202 2009 50909
1 1 119 0 207 2007 23330
2 0 0 0 0 0 23457
1 2 136 115 204 2009 25723
1 2 120 152 203 2006 7764
1 2 135 141 209 2008 16424
1 1 142 0 205 2006 24634
1 1 131 123 205 2006 23989
1 2 121 0 208 2008 54563
5 0 0 0 0 0 0
1 2 137 0 208 2008 50550
1 2 122 0 205 2008 24595
1 2 0 0 0 0 23361
1 2 142 0 203 2008 50523
1 2 142 149 208 2008 19150
1 1 137 0 207 2009 23341
1 1 142 149 210 2007 16621
1 1 0 0 0 0 0
1 2 0 0 204 2008 16761
1 2 136 0 210 2008 23495
1 2 131 0 204 2006 50434
2 1 122 116 0 2005 23728
1 1 0 0 207 2008 52230
2 1 106 109 204 2005 19157
1 1 141 148 204 2009 24094
2 2 141 0 208 2002 0
1 1 113 0 206 2006 23919
2 2 140 0 205 2005 19007
2 2 122 0 208 2005 9492
2 2 141 149 207 2004 50029
1 1 113 0 208 2006 8377
1 2 143 0 209 2008 16530
1 1 106 0 203 2007 11285
1 1 122 0 203 2008 8647
1 1 131 122 207 2009 24778
1 1 131 144 206 2009 25111
1 1 135 0 208 2009 23565
1 1 138 0 205 2008 24005
1 2 0 0 0 2008 50157
1 2 143 0 208 2006 24013
1 1 127 112 210 2006 16621
2 2 143 0 202 2005 50738
1 1 137 0 206 2006 23457
5 2 127 0 0 0 24037
1 1 145 0 210 2008 24532
1 2 138 141 205 2009 23604
2 2 143 0 203 2005 50112
1 2 137 123 209 2009 34
1 2 149 113 204 2008 23994
1 1 0 0 0 0 52197
2 1 133 139 208 2005 25433
1 0 0 0 0 0 0
5 2 137 131 0 2005 1596
1 1 131 123 207 2009 51990
1 2 122 121 204 2009 24122
1 1 123 113 209 2008 23989
1 1 143 149 209 2006 49
4 0 0 0 0 1990 0
2 1 122 106 0 2005 58523
5 2 136 135 203 2005 1764
1 2 143 141 208 2007 2823
2 1 124 109 204 2005 8966
2 2 131 0 203 2004 2753
1 1 120 149 208 2007 50247
1 2 142 143 209 2008 24454
2 1 120 106 207 2004 1332
1 1 127 148 202 2007 23342
1 1 124 110 209 2006 9351
1 2 122 0 204 2008 24415
1 1 116 149 206 2009 51093
1 1 119 151 204 2006 24529
1 2 136 0 205 2007 8366
1 2 131 112 204 2006 16550
2 2 134 132 208 2004 50176
2 2 123 149 205 2004 19445
2 1 140 149 205 2005 55005
5 1 125 0 0 0 26759
1 2 120 112 205 2006 50513
1 2 113 0 206 2007 24568
1 2 134 151 208 2007 18683
1 2 131 123 202 2009 24030
1 1 120 0 204 2007 23918
1 2 138 116 205 2008 23383
1 2 127 0 203 2005 24512
2 1 125 0 204 2003 1603
1 1 120 113 0 0 25070
1 2 137 118 208 2006 52555
1 2 137 116 202 2006 49
1 1 113 118 209 2006 50564
1 2 120 0 202 2008 23269
2 0 0 0 0 0 5933
1 1 140 109 210 2006 24639
2 2 121 0 204 2003 23855
1 0 0 0 0 0 0
1 1 118 0 203 2006 50894
2 2 143 0 203 2005 0
1 2 120 112 203 2006 50066
1 1 142 140 204 2009 52178
1 2 141 136 207 2009 23308
1 1 123 0 210 2006 23376
1 2 108 135 204 2007 8396
1 1 136 135 204 2008 23271
1 2 141 0 208 2009 50042
1 2 141 0 204 2007 17060
2 2 142 0 207 2003 23803
1 1 125 106 204 2007 0
2 1 123 0 209 2004 50346
1 2 123 151 210 2009 20340
1 2 125 106 0 2006 0
5 1 123 0 0 2009 0
1 2 136 0 0 0 0
2 0 0 0 0 0 0
1 1 125 118 202 2009 20481
1 1 136 0 203 2006 53600
1 1 0 0 209 2007 21242
1 2 0 0 0 0 6138
1 2 131 0 209 2007 0
1 1 123 0 205 2008 24093
1 1 137 120 202 2007 0
2 1 131 0 0 2005 23376
1 2 137 149 204 2006 23645
1 2 115 0 204 2006 7831
1 2 143 0 209 2007 50459
2 2 120 0 205 2004 0
1 0 142 127 0 0 0
1 2 123 0 202 2004 23460
2 2 112 122 209 2004 50037
1 1 138 0 205 2007 23551
1 1 148 0 204 2009 23662
1 2 125 0 203 2008 11285
1 1 144 116 207 2007 17018
1 2 142 140 203 2008 50529
1 1 0 0 207 2007 1384
2 1 106 0 203 2004 50029
1 2 138 121 207 2008 23332
1 1 108 0 207 2005 2763
2 2 142 0 203 2003 54628
1 2 125 0 210 2006 20731
1 2 112 0 0 0 0
1 1 124 151 208 2006 21155
1 1 0 0 0 2006 24375
5 0 0 0 0 0 0
1 1 131 0 202 2009 16440
1 1 108 0 209 2005 50138
2 1 148 0 205 2002 20576
1 1 0 0 202 2009 21056
2 1 0 0 209 2000 0
2 2 127 0 209 2005 0
1 1 108 0 206 2009 17604
1 2 143 0 209 2007 3569
1 1 108 0 203 2009 9147
2 1 124 123 207 2004 3544
1 0 0 0 0 0 0
1 2 127 0 210 2008 50564
1 1 120 151 204 2007 24387
1 1 122 131 205 2009 4573
2 1 141 146 207 2003 23955
2 1 148 151 206 2005 5934
2 2 143 0 205 2004 20327
5 1 136 0 0 2009 20480
1 2 142 143 203 0 0
1 2 145 122 210 2007 0
1 2 112 0 203 2006 50284
2 0 0 0 0 0 0
1 2 0 0 208 2009 17620
1 2 131 0 0 2007 23728
1 1 125 0 209 2009 23444
1 2 122 0 210 2006 23829
2 1 137 0 203 2005 23662
1 1 0 0 207 2007 8966
1 2 112 133 206 2008 0
1 1 113 123 202 2006 23965
1 1 131 0 207 2007 50667
5 2 144 0 0 0 24013
1 1 123 108 205 2006 23741
1 1 131 0 205 2007 23341
1 2 118 0 205 2008 24119
1 0 0 0 0 0 0
1 2 141 0 202 2008 24027
2 1 152 118 203 2005 1465
1 2 131 107 203 2008 11225
2 1 120 151 204 2005 24639
1 2 0 0 203 2008 53541
1 1 133 0 204 2007 52761
1 1 0 0 205 2008 8914
2 1 132 0 208 2001 9530
2 2 120 151 202 2003 23308
2 2 108 0 0 2005 20680
2 2 122 0 0 2005 24588
1 1 139 151 208 2008 50029
1 1 137 148 205 2008 50951
1 2 131 0 207 2008 9224
1 1 132 0 203 2007 3191
1 2 125 126 205 2009 53663
1 1 122 0 207 0 0
1 2 121 111 203 2007 23994
1 1 137 0 205 2008 8357
1 1 137 0 210 2006 6475
2 2 0 0 0 2005 18559
1 2 0 0 0 2007 54923
2 1 119 0 207 2004 24512
1 2 142 0 208 2009 17636
2 2 141 135 206 2005 26698
1 1 108 0 203 2008 24274
2 2 137 0 207 2005 24657
1 2 0 0 203 2009 18230
1 2 135 0 205 2007 24122
2 1 131 0 206 2004 50017
1 2 131 0 204 2008 50981
1 1 108 0 209 2005 12392
1 1 131 0 209 2006 24085
1 2 125 0 202 2006 9244
1 2 122 149 203 2006 8537
4 2 129 127 207 2005 24024
2 2 142 0 208 2004 5282
1 1 121 151 204 2008 24038
1 2 118 106 203 0 0
1 2 143 120 204 2009 17908
1 2 142 109 205 2009 24002
1 2 132 0 208 2005 53202
1 1 149 0 206 2008 0
1 1 120 0 204 2006 18950
1 1 139 0 208 2007 52044
1 2 143 142 209 2009 50789
1 2 127 0 203 2009 21852
1 1 120 0 203 2009 24210
2 2 137 0 206 2005 52555
2 2 143 120 210 2005 24092
1 2 0 0 206 2009 827
1 2 142 149 202 2006 23965
2 2 142 118 210 2004 24013
2 2 115 0 202 2005 50112
1 1 0 0 210 2007 0
2 1 139 0 0 2005 9299
2 1 131 0 205 2003 24118
1 1 131 0 204 2007 50112
1 1 131 0 208 2007 51849
1 1 133 0 208 2007 50414
1 2 137 0 208 2007 9886
1 1 127 107 202 2007 23341
2 2 142 0 206 2004 15989
1 1 108 0 205 2007 50029
2 2 131 0 207 2003 20576
2 2 120 151 206 2003 9108
1 0 0 0 209 0 8648
1 2 140 0 204 2007 4551
1 1 137 0 205 2007 23728
1 1 123 0 202 2008 24703
2 1 131 0 210 2005 0
2 1 122 108 205 2005 4976
2 0 115 0 0 2004 0
2 1 137 0 205 2005 8357
1 0 123 148 210 0 24657
2 1 109 146 202 1993 2682
1 2 136 0 203 2007 50138
1 1 123 112 202 2008 51433
1 2 137 148 205 2007 9886
1 1 137 0 204 2007 51624
2 1 0 0 205 2004 0
2 1 118 0 203 2003 0
1 1 113 123 210 2008 530
1 2 124 0 209 2008 23332
1 2 141 0 207 2009 17097
1 1 123 0 202 2007 8647
1 1 122 111 205 2007 23341
1 2 122 115 209 2007 2061
2 1 127 0 0 0 19102
1 2 120 113 0 2007 24206
1 2 123 109 207 2006 260
2 1 137 126 208 2004 23341
2 1 123 124 208 2002 6253
1 2 125 0 202 2007 15981
4 0 0 0 0 0 0
1 1 127 0 208 2008 25279
1 1 123 108 205 2007 50661
1 2 127 0 209 2005 24122
1 2 122 123 209 2008 23989
1 2 143 0 205 2008 50029
1 1 131 113 208 2007 24380
1 2 108 0 202 2006 3675
1 1 131 0 205 2009 727
1 2 136 0 208 2006 10788
2 1 122 112 210 2004 9077
2 2 131 111 207 2005 50134
5 2 0 0 0 2007 24206
1 2 142 0 208 2006 20663
1 1 112 122 207 2009 23383
1 2 125 0 210 2008 23618
1 1 133 151 210 2006 23604
1 2 135 0 205 2008 24779
1 2 124 108 207 2006 50193
2 2 122 151 203 2005 17537
1 1 0 0 203 2007 50498
2 1 118 0 209 2004 0
1 1 132 0 210 2007 50236
1 2 143 0 203 2007 3284
2 2 141 0 204 2005 243
2 1 138 0 0 2004 9189
1 2 133 0 206 2008 20721
1 1 133 0 208 2009 23364
1 2 143 0 207 2007 50132
1 0 0 0 0 0 0
2 2 143 0 202 2003 4462
2 1 123 0 202 2005 24065
1 1 124 151 207 2005 23054
2 2 148 123 208 2005 51062
1 0 0 0 210 0 23535
2 0 120 0 0 2005 0
1 1 131 0 210 2008 4639
5 2 141 120 0 0 0
2 1 137 0 208 2004 23548
1 1 137 0 209 2008 257
1 1 123 0 207 2006 51835
1 1 112 0 204 2005 0
1 2 122 0 207 2006 23994
1 1 123 0 210 2008 16536
1 2 120 0 207 2009 51181
1 1 122 113 208 2007 50244
1 2 141 0 205 2009 19150
2 0 106 0 202 2005 25848
1 1 113 149 210 2008 4292
1 1 131 0 208 2008 50506
2 2 142 141 202 2005 50152
1 1 120 149 207 2007 24027
1 2 123 0 210 2009 5163
1 1 120 0 207 2008 50374
1 2 121 149 208 2007 23561
1 1 136 0 208 2008 19297
1 2 142 0 209 2009 24038
2 1 127 0 203 2004 50514
1 2 0 0 210 2009 17352
1 0 142 120 0 2005 0
1 1 0 0 204 2008 50035
2 1 148 123 207 2005 25658
1 2 115 122 208 2006 132
2 1 141 0 204 0 20026
1 1 123 149 210 2007 23620
1 2 108 0 0 2007 24094
1 1 0 0 203 2008 50395
2 1 122 0 208 2004 50029
2 1 142 120 210 0 0
1 1 0 0 207 2010 50065
2 1 124 151 207 2005 24013
2 2 113 149 210 2004 24005
2 2 131 0 210 2005 50029
1 1 123 0 209 2009 24011
1 1 143 0 205 2007 16390
1 2 106 123 203 2008 50764
1 1 122 0 202 2008 51446
1 2 133 0 202 2006 5477
2 1 118 0 207 2004 9557
2 1 142 0 206 2004 22935
1 2 147 0 209 2006 0
1 2 149 0 208 2007 0
1 1 0 0 207 2009 50003
1 1 137 0 203 2009 54923
1 2 141 0 203 2006 8648
1 2 136 0 208 2008 0
1 2 135 0 208 2009 53202
2 1 119 151 209 2004 24380
1 1 127 0 209 2009 24013
1 2 131 149 204 2006 23803
2 2 113 0 0 0 24638
5 2 133 0 0 2007 24152
2 1 115 0 208 2005 24013
2 2 145 122 206 2005 0
1 2 127 136 202 2008 7229
1 1 119 0 203 2009 23277
1 2 0 0 208 2008 50029
1 1 0 0 204 2009 9254
1 2 147 0 208 2007 0
1 0 0 0 0 0 0
1 2 120 0 208 2007 24317
1 2 0 0 210 2008 52227
1 0 0 0 0 0 50894
1 1 106 109 206 2008 6674
2 1 123 0 0 2005 23970
1 1 0 0 208 2008 24054
1 1 132 0 208 2009 51241
1 2 120 149 210 2005 0
1 1 120 146 207 2009 23342
1 2 143 0 205 2009 51887
1 2 122 112 207 2009 0
2 1 108 118 206 2004 23620
1 2 139 120 210 2009 15664
1 1 108 117 207 2006 23829
1 1 148 0 203 2008 23376
1 1 120 0 204 2007 50213
1 1 108 0 210 2007 22926
1 1 124 0 204 2006 50369
2 1 137 120 0 2005 2275
1 1 0 0 210 2009 17640
2 1 123 0 208 2005 2197
1 2 121 0 206 2006 24694
2 1 131 0 210 2002 23168
2 2 126 151 209 2004 20487
2 2 136 0 209 2004 2702
2 2 113 149 202 2004 24659
1 2 140 121 204 2007 15903
2 2 120 0 204 2004 23363
1 2 143 0 207 2008 50093
2 2 120 149 0 2005 24295
1 2 142 0 203 2008 11206
2 1 148 123 202 0 16282
1 0 137 0 206 2006 24094
2 2 124 0 202 2004 0
1 2 120 0 208 2008 24694
2 1 123 0 209 2002 0
1 2 136 0 202 2007 50340
2 1 131 0 210 2004 24694
2 2 113 0 0 2005 24172
2 2 148 0 204 2005 59223
1 2 143 0 205 2009 0
2 2 143 118 208 2000 50173
2 1 108 127 205 2004 24030
2 1 126 124 209 2004 21730
1 2 0 0 210 2006 50074
1 2 122 151 204 2008 50343
1 1 125 106 207 2007 4492
5 1 137 0 204 2006 0
1 1 120 149 210 2009 23735
2 2 0 0 0 0 0
1 2 122 124 207 2008 24218
2 2 142 0 210 2004 10079
1 1 122 120 205 2006 24005
2 1 124 152 204 2005 0
1 2 141 0 208 2009 50143
2 2 136 0 205 2005 51093
1 2 120 0 210 2006 4800
1 2 142 152 206 2008 24033
1 1 127 0 204 2009 9021
1 1 139 151 202 2007 25070
1 1 123 109 207 2007 50181
2 2 132 0 202 2005 26535
5 2 143 0 206 2005 842
1 1 122 111 208 2007 23099
1 2 123 113 210 2006 0
1 2 121 149 207 2007 24411
1 2 108 0 202 2006 0
1 2 142 0 204 2007 24210